  EFIT     03/20/2023    #196073  2845ms  EFIT01   0  65  65
 0.170000005E+01 0.320000005E+01 0.169550002E+01 0.839999974E+00 0.000000000E+00
 0.169638202E+01 0.522012822E-01-0.226508487E+00 0.140139848E+00-0.201091450E+01
 0.108231212E+07-0.226508487E+00 0.000000000E+00 0.169638202E+01 0.000000000E+00
 0.522012822E-01 0.000000000E+00 0.140139848E+00 0.000000000E+00 0.000000000E+00
-0.362100363E+01-0.361118853E+01-0.360166723E+01-0.359243679E+01-0.358349395E+01
-0.357483566E+01-0.356645834E+01-0.355835885E+01-0.355053347E+01-0.354297888E+01
-0.353569108E+01-0.352866668E+01-0.352190125E+01-0.351539141E+01-0.350913274E+01
-0.350312138E+01-0.349735284E+01-0.349182314E+01-0.348652756E+01-0.348146182E+01
-0.347662157E+01-0.347200203E+01-0.346759862E+01-0.346340656E+01-0.345942116E+01
-0.345563763E+01-0.345205092E+01-0.344865620E+01-0.344544828E+01-0.344242239E+01
-0.343957341E+01-0.343689603E+01-0.343438518E+01-0.343203562E+01-0.342984188E+01
-0.342779899E+01-0.342590153E+01-0.342414391E+01-0.342252100E+01-0.342102742E+01
-0.341965759E+01-0.341840601E+01-0.341726726E+01-0.341623592E+01-0.341530627E+01
-0.341447306E+01-0.341373050E+01-0.341307312E+01-0.341249526E+01-0.341199142E+01
-0.341155618E+01-0.341118371E+01-0.341086847E+01-0.341060483E+01-0.341038716E+01
-0.341020995E+01-0.341006756E+01-0.340995419E+01-0.340986443E+01-0.340979272E+01
-0.340973318E+01-0.340968031E+01-0.340962845E+01-0.340957201E+01-0.340950543E+01
-0.216594656E+04-0.192751868E+04-0.169558548E+04-0.147014715E+04-0.125120355E+04
-0.103875465E+04-0.832800568E+03-0.633341270E+03-0.440376700E+03-0.253906893E+03
-0.739318542E+02 0.995484276E+02 0.266533949E+03 0.427024728E+03 0.581020720E+03
 0.728521942E+03 0.869528426E+03 0.100404013E+04 0.113205710E+04 0.125357929E+04
 0.136860672E+04 0.147713940E+04 0.157917725E+04 0.167472040E+04 0.176376886E+04
 0.184632242E+04 0.192238129E+04 0.199194540E+04 0.205501471E+04 0.211158936E+04
 0.216166919E+04 0.220525427E+04 0.224234448E+04 0.227294012E+04 0.229704077E+04
 0.231464679E+04 0.232575800E+04 0.233037457E+04 0.232849621E+04 0.232012323E+04
 0.230525543E+04 0.228389288E+04 0.225603565E+04 0.222168347E+04 0.218083667E+04
 0.213349506E+04 0.207965869E+04 0.201932754E+04 0.195250165E+04 0.187918106E+04
 0.179936563E+04 0.171305542E+04 0.162025052E+04 0.152095087E+04 0.141515637E+04
 0.130286713E+04 0.118408322E+04 0.105880447E+04 0.927030945E+03 0.788762711E+03
 0.643999680E+03 0.492741913E+03 0.334989365E+03 0.170742062E+03 0.000000000E+00
-0.629669631E+01-0.609353828E+01-0.589372802E+01-0.569726539E+01-0.550415051E+01
-0.531438351E+01-0.512796390E+01-0.494489193E+01-0.476516783E+01-0.458879125E+01
-0.441576219E+01-0.424608111E+01-0.407974780E+01-0.391676170E+01-0.375712359E+01
-0.360083300E+01-0.344789028E+01-0.329829514E+01-0.315204769E+01-0.300914794E+01
-0.286959577E+01-0.273339129E+01-0.260053444E+01-0.247102529E+01-0.234486395E+01
-0.222205007E+01-0.210258400E+01-0.198646563E+01-0.187369493E+01-0.176427186E+01
-0.165819642E+01-0.155546874E+01-0.145608872E+01-0.136005634E+01-0.126737162E+01
-0.117803457E+01-0.109204525E+01-0.100940359E+01-0.930109531E+00-0.854163215E+00
-0.781564549E+00-0.712313548E+00-0.646410242E+00-0.583854631E+00-0.524646640E+00
-0.468786359E+00-0.416273735E+00-0.367108785E+00-0.321291514E+00-0.278821923E+00
-0.239699993E+00-0.203925740E+00-0.171499163E+00-0.142420262E+00-0.116689034E+00
-0.943054762E-01-0.752695929E-01-0.595813841E-01-0.472408468E-01-0.382479848E-01
-0.326027964E-01-0.303052789E-01-0.313554379E-01-0.357532673E-01-0.434987732E-01
 0.421851914E+05 0.410514844E+05 0.399177773E+05 0.387840703E+05 0.376503633E+05
 0.365166562E+05 0.353829492E+05 0.342492422E+05 0.331155381E+05 0.319818296E+05
 0.308481240E+05 0.297144170E+05 0.285807100E+05 0.274470044E+05 0.263132974E+05
 0.251795903E+05 0.240458833E+05 0.229121777E+05 0.217784707E+05 0.206447637E+05
 0.195110566E+05 0.183773511E+05 0.172436440E+05 0.161099375E+05 0.149762305E+05
 0.138425242E+05 0.127088171E+05 0.115751108E+05 0.104414038E+05 0.930769750E+04
 0.817399035E+04 0.704028406E+04 0.590657739E+04 0.477287073E+04 0.363916406E+04
 0.250545736E+04 0.137175068E+04 0.238044033E+03-0.895662590E+03-0.202936929E+04
-0.316307587E+04-0.429678254E+04-0.543048902E+04-0.656419568E+04-0.769790235E+04
-0.883160937E+04-0.996531568E+04-0.110990227E+05-0.122327293E+05-0.133664355E+05
-0.145001426E+05-0.156338486E+05-0.167675557E+05-0.179012627E+05-0.190349683E+05
-0.201686753E+05-0.213023828E+05-0.224360898E+05-0.235697954E+05-0.247035024E+05
-0.258372095E+05-0.269709150E+05-0.281046221E+05-0.292383291E+05-0.303720361E+05
 2.102298252e-01 2.080561742e-01 2.056126445e-01 2.028254494e-01 1.997233481e-01
 1.964214518e-01 1.930807121e-01 1.898670420e-01 1.876984425e-01 1.875031143e-01
 1.873941421e-01 1.866116300e-01 1.855666749e-01 1.849582530e-01 1.846871562e-01
 1.847171374e-01 1.850457675e-01 1.856911853e-01 1.867032424e-01 1.881880202e-01
 1.903518848e-01 1.925521977e-01 1.943039074e-01 1.957860775e-01 1.971022226e-01
 1.983152814e-01 1.994631700e-01 2.005625740e-01 2.016061694e-01 2.025635652e-01
 2.037663684e-01 2.053094692e-01 2.071285695e-01 2.091994956e-01 2.114845924e-01
 2.139768302e-01 2.165210247e-01 2.187697292e-01 2.207867615e-01 2.226367295e-01
 2.243862562e-01 2.260983959e-01 2.278249450e-01 2.296019793e-01 2.314498574e-01
 2.333760299e-01 2.353782989e-01 2.374475152e-01 2.395695448e-01 2.417266295e-01
 2.438983023e-01 2.460622974e-01 2.481951974e-01 2.502732761e-01 2.522733435e-01
 2.541735619e-01 2.559543773e-01 2.575992569e-01 2.590952739e-01 2.604335174e-01
 2.616092041e-01 2.626215369e-01 2.634732574e-01 2.641701474e-01 2.647203058e-01
 2.072843313e-01 2.043023519e-01 2.010660842e-01 1.975011825e-01 1.935984268e-01
 1.894410104e-01 1.856939979e-01 1.833109670e-01 1.825037226e-01 1.833376512e-01
 1.840228550e-01 1.840599663e-01 1.838077456e-01 1.836160980e-01 1.835783161e-01
 1.837329566e-01 1.841095201e-01 1.847392395e-01 1.856594309e-01 1.869117990e-01
 1.885062158e-01 1.901918314e-01 1.917413883e-01 1.931596734e-01 1.944779121e-01
 1.957231015e-01 1.969120130e-01 1.980477646e-01 1.991140545e-01 2.000778764e-01
 2.012561895e-01 2.027539946e-01 2.045284398e-01 2.065698988e-01 2.088749073e-01
 2.114663645e-01 2.141964287e-01 2.167412788e-01 2.191549651e-01 2.214837186e-01
 2.237681225e-01 2.260442935e-01 2.283424959e-01 2.306856028e-01 2.330882959e-01
 2.355570905e-01 2.380910702e-01 2.406826727e-01 2.433185764e-01 2.459804565e-01
 2.486457266e-01 2.512882799e-01 2.538795024e-01 2.563892678e-01 2.587873861e-01
 2.610450462e-01 2.631363869e-01 2.650399655e-01 2.667398304e-01 2.682262659e-01
 2.694959342e-01 2.705515847e-01 2.714010924e-01 2.720565572e-01 2.725328133e-01
 2.045733705e-01 2.011466361e-01 1.974069216e-01 1.931701936e-01 1.883572973e-01
 1.845461912e-01 1.821033135e-01 1.810909137e-01 1.815583482e-01 1.823271699e-01
 1.828613579e-01 1.831436418e-01 1.832726263e-01 1.833599880e-01 1.834923401e-01
 1.837282516e-01 1.841070726e-01 1.846554056e-01 1.853880770e-01 1.863029711e-01
 1.873715520e-01 1.885388456e-01 1.897483095e-01 1.909658685e-01 1.921793372e-01
 1.933883279e-01 1.945968382e-01 1.958095320e-01 1.970325336e-01 1.982923299e-01
 1.996974349e-01 2.013175078e-01 2.031618990e-01 2.052302770e-01 2.075198554e-01
 2.100186757e-01 2.126452774e-01 2.152903415e-01 2.179378010e-01 2.205969691e-01
 2.232830897e-01 2.260126359e-01 2.288007810e-01 2.316595725e-01 2.345966250e-01
 2.376143634e-01 2.407094501e-01 2.438726388e-01 2.470885031e-01 2.503355480e-01
 2.535862475e-01 2.568074316e-01 2.599612623e-01 2.630063966e-01 2.659002244e-01
 2.686013803e-01 2.710725665e-01 2.732833549e-01 2.752124742e-01 2.768490389e-01
 2.781928554e-01 2.792534828e-01 2.800483703e-01 2.806006298e-01 2.809364870e-01
 2.021521367e-01 1.986419186e-01 1.949399635e-01 1.908998042e-01 1.866220124e-01
 1.838769428e-01 1.828527861e-01 1.826241687e-01 1.825863942e-01 1.826426015e-01
 1.827201992e-01 1.827848553e-01 1.828394123e-01 1.829092689e-01 1.830271296e-01
 1.832237505e-01 1.835238523e-01 1.839445345e-01 1.844942979e-01 1.851720847e-01
 1.859673076e-01 1.868624724e-01 1.878384948e-01 1.888801045e-01 1.899783798e-01
 1.911308877e-01 1.923407279e-01 1.936163902e-01 1.949730851e-01 1.964347400e-01
 1.980316825e-01 1.997911259e-01 2.017299570e-01 2.038543150e-01 2.061604895e-01
 2.086340487e-01 2.112507522e-01 2.139849439e-01 2.168199234e-01 2.197497487e-01
 2.227758207e-01 2.259032987e-01 2.291384563e-01 2.324867062e-01 2.359511331e-01
 2.395312264e-01 2.432218231e-01 2.470121235e-01 2.508845702e-01 2.548139319e-01
 2.587663383e-01 2.626986429e-01 2.665587291e-01 2.702867985e-01 2.738183067e-01
 2.770887688e-01 2.800392583e-01 2.826223672e-01 2.848068401e-01 2.865804210e-01
 2.879499719e-01 2.889391631e-01 2.895841077e-01 2.899283022e-01 2.900173739e-01
 1.996925846e-01 1.963331699e-01 1.931654960e-01 1.901150532e-01 1.873364113e-01
 1.857106201e-01 1.846046150e-01 1.838448830e-01 1.833195984e-01 1.829512045e-01
 1.826868430e-01 1.824950129e-01 1.823624522e-01 1.822894960e-01 1.822847538e-01
 1.823603436e-01 1.825283654e-01 1.827987060e-01 1.831776425e-01 1.836673878e-01
 1.842663028e-01 1.849701256e-01 1.857735999e-01 1.866724156e-01 1.876645126e-01
 1.887509376e-01 1.899361350e-01 1.912280098e-01 1.926378831e-01 1.941798106e-01
 1.958690211e-01 1.977195293e-01 1.997419522e-01 2.019422427e-01 2.043213360e-01
 2.068756409e-01 2.095985338e-01 2.124827057e-01 2.155226209e-01 2.187157981e-01
 2.220628001e-01 2.255664617e-01 2.292306833e-01 2.330593169e-01 2.370548956e-01
 2.412174940e-01 2.455434129e-01 2.500236444e-01 2.546419948e-01 2.593727187e-01
 2.641777918e-01 2.690038606e-01 2.737799510e-01 2.784170136e-01 2.828116119e-01
 2.868544460e-01 2.904431745e-01 2.934958413e-01 2.959617302e-01 2.978273406e-01
 2.991164103e-01 2.998839765e-01 3.002054393e-01 3.001636416e-01 2.998380214e-01
 1.962616593e-01 1.927099302e-01 1.906855404e-01 1.890949421e-01 1.875567771e-01
 1.862226725e-01 1.851206869e-01 1.842234731e-01 1.834930852e-01 1.828953474e-01
 1.824038252e-01 1.820007153e-01 1.816765219e-01 1.814286560e-01 1.812596060e-01
 1.811749302e-01 1.811815090e-01 1.812860631e-01 1.814943477e-01 1.818106472e-01
 1.822377630e-01 1.827774756e-01 1.834310926e-01 1.842002496e-01 1.850875654e-01
 1.860970408e-01 1.872344203e-01 1.885071546e-01 1.899242252e-01 1.914956309e-01
 1.932316534e-01 1.951419636e-01 1.972348057e-01 1.995163969e-01 2.019907832e-01
 2.046601251e-01 2.075253092e-01 2.105868496e-01 2.138457633e-01 2.173042521e-01
 2.209658809e-01 2.248355858e-01 2.289192230e-01 2.332231105e-01 2.377533056e-01
 2.425147928e-01 2.475103624e-01 2.527390719e-01 2.581939474e-01 2.638585270e-01
 2.697015628e-01 2.756692097e-01 2.816750034e-01 2.875895053e-01 2.932380140e-01
 2.984164581e-01 3.029262647e-01 3.066112474e-01 3.093808741e-01 3.112210408e-01
 3.121960387e-01 3.124368638e-01 3.121102974e-01 3.113803267e-01 3.103825524e-01
 1.935343295e-01 1.898857616e-01 1.884095296e-01 1.876238510e-01 1.867025569e-01
 1.857447773e-01 1.848154850e-01 1.839467250e-01 1.831506155e-01 1.824294403e-01
 1.817819104e-01 1.812066808e-01 1.807039305e-01 1.802759655e-01 1.799270473e-01
 1.796628833e-01 1.794900261e-01 1.794152595e-01 1.794452108e-01 1.795860044e-01
 1.798432693e-01 1.802222319e-01 1.807279438e-01 1.813656017e-01 1.821407937e-01
 1.830597744e-01 1.841295361e-01 1.853578538e-01 1.867531240e-01 1.883241422e-01
 1.900797412e-01 1.920284219e-01 1.941780522e-01 1.965355910e-01 1.991071254e-01
 2.018979602e-01 2.049129606e-01 2.081569359e-01 2.116351500e-01 2.153536566e-01
 2.193196229e-01 2.235414982e-01 2.280290872e-01 2.327935286e-01 2.378472388e-01
 2.432037108e-01 2.488772347e-01 2.548822761e-01 2.612322569e-01 2.679371983e-01
 2.749987617e-01 2.823999599e-01 2.900832146e-01 2.979049310e-01 3.055675402e-01
 3.126144856e-01 3.185937702e-01 3.232044503e-01 3.262926861e-01 3.278295174e-01
 3.279470801e-01 3.269829601e-01 3.253741488e-01 3.234597966e-01 3.214350193e-01
 1.919247210e-01 1.882789992e-01 1.870452948e-01 1.865069531e-01 1.858158671e-01
 1.850268841e-01 1.841846816e-01 1.833243109e-01 1.824712716e-01 1.816436313e-01
 1.808545180e-01 1.801141500e-01 1.794313080e-01 1.788143069e-01 1.782713756e-01
 1.778108999e-01 1.774413474e-01 1.771711819e-01 1.770087592e-01 1.769621856e-01
 1.770393885e-01 1.772481166e-01 1.775959767e-01 1.780906432e-01 1.787399240e-01
 1.795518398e-01 1.805347167e-01 1.816971339e-01 1.830478608e-01 1.845957674e-01
 1.863496415e-01 1.883180551e-01 1.905092634e-01 1.929311045e-01 1.955910586e-01
 1.984963827e-01 2.016542629e-01 2.050721571e-01 2.087581046e-01 2.127210274e-01
 2.169711478e-01 2.215202935e-01 2.263823226e-01 2.315735444e-01 2.371132709e-01
 2.430245094e-01 2.493348233e-01 2.560776174e-01 2.632936910e-01 2.710335329e-01
 2.793604732e-01 2.883553132e-01 2.981237024e-01 3.088059053e-01 3.204326332e-01
 3.311544136e-01 3.395188153e-01 3.454903364e-01 3.489889205e-01 3.498276547e-01
 3.477262780e-01 3.435029238e-01 3.394340873e-01 3.357402533e-01 3.323767483e-01
 1.912182495e-01 1.875974908e-01 1.863548010e-01 1.858515479e-01 1.851890236e-01
 1.844011023e-01 1.835225746e-01 1.825859062e-01 1.816193424e-01 1.806465536e-01
 1.796871610e-01 1.787576824e-01 1.778723821e-01 1.770440489e-01 1.762845218e-01
 1.756050214e-01 1.750164106e-01 1.745292730e-01 1.741539799e-01 1.739006862e-01
 1.737793908e-01 1.737999618e-01 1.739721335e-01 1.743056104e-01 1.748100445e-01
 1.754950956e-01 1.763704270e-01 1.774456948e-01 1.787304804e-01 1.802342795e-01
 1.819664016e-01 1.839359440e-01 1.861517430e-01 1.886223927e-01 1.913563199e-01
 1.943619289e-01 1.976477206e-01 2.012226433e-01 2.050962784e-01 2.092792317e-01
 2.137835771e-01 2.186232992e-01 2.238148749e-01 2.293780483e-01 2.353368327e-01
 2.417207621e-01 2.485668175e-01 2.559219971e-01 2.638472021e-01 2.724232972e-01
 2.817606181e-01 2.920154780e-01 3.034199327e-01 3.163321093e-01 3.309682384e-01
 3.443226964e-01 3.547054753e-01 3.620874211e-01 3.663842008e-01 3.672650158e-01
 3.645215556e-01 3.583239019e-01 3.520922065e-01 3.467334509e-01 3.421257064e-01
 1.912355274e-01 1.876186132e-01 1.862930209e-01 1.857047900e-01 1.849327944e-01
 1.840091497e-01 1.829724349e-01 1.818578281e-01 1.806958206e-01 1.795123592e-01
 1.783295721e-01 1.771665774e-01 1.760402210e-01 1.749657504e-01 1.739572957e-01
 1.730282232e-01 1.721913740e-01 1.714592651e-01 1.708441786e-01 1.703581884e-01
 1.700132526e-01 1.698211953e-01 1.697937139e-01 1.699423418e-01 1.702784933e-01
 1.708134152e-01 1.715581566e-01 1.725235805e-01 1.737203076e-01 1.751586571e-01
 1.768486574e-01 1.788000203e-01 1.810221076e-01 1.835240238e-01 1.863146983e-01
 1.894029900e-01 1.927979030e-01 1.965087950e-01 2.005456276e-01 2.049193420e-01
 2.096422389e-01 2.147285119e-01 2.201948352e-01 2.260612212e-01 2.323520631e-01
 2.390975430e-01 2.463355698e-01 2.541144117e-01 2.624964416e-01 2.715632543e-01
 2.814229876e-01 2.922195420e-01 3.041433394e-01 3.174364344e-01 3.323689177e-01
 3.473700210e-01 3.592997939e-01 3.679792657e-01 3.734022528e-01 3.755274862e-01
 3.740542605e-01 3.689458966e-01 3.613593653e-01 3.549129143e-01 3.495335058e-01
 1.919500828e-01 1.882994473e-01 1.869623922e-01 1.861674786e-01 1.851254329e-01
 1.839143075e-01 1.825876795e-01 1.811849736e-01 1.797365695e-01 1.782671958e-01
 1.767979413e-01 1.753474027e-01 1.739325523e-01 1.725691929e-01 1.712723709e-01
 1.700566262e-01 1.689361707e-01 1.679250598e-01 1.670372411e-01 1.662865914e-01
 1.656869054e-01 1.652519628e-01 1.649953574e-01 1.649305411e-01 1.650706604e-01
 1.654285900e-01 1.660168543e-01 1.668476127e-01 1.679326109e-01 1.692831330e-01
 1.709099635e-01 1.728233620e-01 1.750330515e-01 1.775483191e-01 1.803780943e-01
 1.835311167e-01 1.870160699e-01 1.908418089e-01 1.950175353e-01 1.995531321e-01
 2.044594623e-01 2.097488418e-01 2.154354863e-01 2.215362079e-01 2.280711830e-01
 2.350649350e-01 2.425476760e-01 2.505568713e-01 2.591392770e-01 2.683533728e-01
 2.782721966e-01 2.889861017e-01 3.006050437e-01 3.132599741e-01 3.271054849e-01
 3.422545046e-01 3.553202152e-01 3.651145846e-01 3.716986701e-01 3.751011267e-01
 3.754282147e-01 3.723548353e-01 3.658804297e-01 3.590970561e-01 3.536897749e-01
 1.940362565e-01 1.905491426e-01 1.887499131e-01 1.873585098e-01 1.857721061e-01
 1.840836927e-01 1.823299378e-01 1.805340909e-01 1.787148416e-01 1.768889688e-01
 1.750722900e-01 1.732801869e-01 1.715277136e-01 1.698298454e-01 1.682015210e-01
 1.666577421e-01 1.652135961e-01 1.638843752e-01 1.626854874e-01 1.616325341e-01
 1.607412510e-01 1.600274518e-01 1.595069170e-01 1.591951176e-01 1.591070928e-01
 1.592574268e-01 1.596602015e-01 1.603289768e-01 1.612767689e-01 1.625159197e-01
 1.640580632e-01 1.659139246e-01 1.680933721e-01 1.706054099e-01 1.734584682e-01
 1.766605973e-01 1.802195348e-01 1.841427833e-01 1.884378642e-01 1.931124032e-01
 1.981744655e-01 2.036327682e-01 2.094969600e-01 2.157780268e-01 2.224885672e-01
 2.296432555e-01 2.372592055e-01 2.453562617e-01 2.539572567e-01 2.630878091e-01
 2.727756947e-01 2.830492407e-01 2.939349636e-01 3.054546341e-01 3.176265135e-01
 3.304915279e-01 3.434090466e-01 3.532602191e-01 3.603910282e-01 3.649871126e-01
 3.669658527e-01 3.665336147e-01 3.633961901e-01 3.581723347e-01 3.540614620e-01
 1.970915422e-01 1.940511689e-01 1.913353651e-01 1.888891272e-01 1.865733713e-01
 1.843035147e-01 1.820477881e-01 1.797967814e-01 1.775512881e-01 1.753174588e-01
 1.731045954e-01 1.709239818e-01 1.687882915e-01 1.667112298e-01 1.647072956e-01
 1.627916992e-01 1.609802731e-01 1.592893973e-01 1.577359959e-01 1.563374438e-01
 1.551115289e-01 1.540765688e-01 1.532513797e-01 1.526538655e-01 1.523010694e-01
 1.522092633e-01 1.523941346e-01 1.528707966e-01 1.536537521e-01 1.547567398e-01
 1.561925263e-01 1.579725034e-01 1.601063534e-01 1.626017578e-01 1.654660963e-01
 1.687063798e-01 1.723289900e-01 1.763395406e-01 1.807430908e-01 1.855442971e-01
 1.907474696e-01 1.963567213e-01 2.023760043e-01 2.088092118e-01 2.156600990e-01
 2.229321375e-01 2.306281365e-01 2.387496233e-01 2.472957373e-01 2.562613115e-01
 2.656339779e-01 2.753893658e-01 2.854832932e-01 2.958383411e-01 3.063178212e-01
 3.166685999e-01 3.264197931e-01 3.349672035e-01 3.419427871e-01 3.472200781e-01
 3.507840485e-01 3.527012840e-01 3.531614244e-01 3.525818735e-01 3.515499234e-01
 1.988261454e-01 1.957874931e-01 1.927804947e-01 1.898681000e-01 1.870453171e-01
 1.842796988e-01 1.815485023e-01 1.788395942e-01 1.761491821e-01 1.734793782e-01
 1.708364189e-01 1.682295427e-01 1.656701415e-01 1.631713584e-01 1.607476733e-01
 1.584147625e-01 1.561893113e-01 1.540889815e-01 1.521322951e-01 1.503386795e-01
 1.487275586e-01 1.473197974e-01 1.461420655e-01 1.452147700e-01 1.445561834e-01
 1.441837661e-01 1.441146321e-01 1.443655752e-01 1.449530013e-01 1.458927915e-01
 1.472000294e-01 1.488882639e-01 1.509674266e-01 1.534381434e-01 1.563067995e-01
 1.595803834e-01 1.632642820e-01 1.673614681e-01 1.718740948e-01 1.768033989e-01
 1.821496077e-01 1.879118644e-01 1.940882914e-01 2.006757744e-01 2.076696828e-01
 2.150633745e-01 2.228474766e-01 2.310087644e-01 2.395285778e-01 2.483805380e-01
 2.575272843e-01 2.669158653e-01 2.764713690e-01 2.860882953e-01 2.956202254e-01
 3.048722520e-01 3.136082217e-01 3.215864598e-01 3.286094964e-01 3.345538526e-01
 3.393740133e-01 3.430996016e-01 3.458337039e-01 3.477417827e-01 3.490152210e-01
 1.997973025e-01 1.966620944e-01 1.934551261e-01 1.902436726e-01 1.870551668e-01
 1.838840656e-01 1.807253174e-01 1.775766276e-01 1.744391769e-01 1.713174619e-01
 1.682188697e-01 1.651532538e-01 1.621325128e-01 1.591703407e-01 1.562819406e-01
 1.534839236e-01 1.507941224e-01 1.482317113e-01 1.458169073e-01 1.435741149e-01
 1.415194012e-01 1.396609619e-01 1.380758136e-01 1.367721893e-01 1.357645094e-01
 1.350699179e-01 1.347066983e-01 1.346935481e-01 1.350492053e-01 1.357926652e-01
 1.369438469e-01 1.385255158e-01 1.405679993e-01 1.430110335e-01 1.458786651e-01
 1.491856500e-01 1.529390886e-01 1.571336836e-01 1.617687419e-01 1.668428220e-01
 1.723517477e-01 1.782898605e-01 1.846498661e-01 1.914226077e-01 1.985966452e-01
 2.061576694e-01 2.140876762e-01 2.223639227e-01 2.309575118e-01 2.398315370e-01
 2.489388138e-01 2.582191527e-01 2.675963417e-01 2.769755125e-01 2.862419933e-01
 2.952633277e-01 3.038970083e-01 3.120034784e-01 3.194612935e-01 3.261796385e-01
 3.321052044e-01 3.372239843e-01 3.415581062e-01 3.451579064e-01 3.480892852e-01
 2.003748045e-01 1.971031278e-01 1.936893202e-01 1.902062781e-01 1.866888032e-01
 1.831427552e-01 1.795741133e-01 1.759895161e-01 1.723966524e-01 1.688045599e-01
 1.652236991e-01 1.616660505e-01 1.581451446e-01 1.546760798e-01 1.512754634e-01
 1.479612999e-01 1.447523124e-01 1.416701153e-01 1.387257949e-01 1.359928138e-01
 1.334814764e-01 1.312106065e-01 1.292084344e-01 1.274989396e-01 1.261049100e-01
 1.250488069e-01 1.243527718e-01 1.240384281e-01 1.241266020e-01 1.246370617e-01
 1.255881973e-01 1.269963682e-01 1.288741119e-01 1.312250606e-01 1.340604052e-01
 1.373965293e-01 1.412587166e-01 1.455727443e-01 1.503542512e-01 1.556060724e-01
 1.613150910e-01 1.674712748e-01 1.740626618e-01 1.810754761e-01 1.884933673e-01
 1.962970197e-01 2.044633850e-01 2.129649333e-01 2.217686847e-01 2.308350168e-01
 2.401163280e-01 2.495558113e-01 2.590863481e-01 2.686299384e-01 2.780984491e-01
 2.873955816e-01 2.964209616e-01 3.050753996e-01 3.132668212e-01 3.209155500e-01
 3.279576674e-01 3.343467414e-01 3.400533199e-01 3.450629339e-01 3.493731171e-01
 2.007727064e-01 1.973403134e-01 1.937008016e-01 1.899312735e-01 1.860718355e-01
 1.821374484e-01 1.781431324e-01 1.741031408e-01 1.700309403e-01 1.659397595e-01
 1.618430428e-01 1.577549428e-01 1.536906511e-01 1.496668234e-01 1.457020976e-01
 1.418182962e-01 1.380273141e-01 1.344004236e-01 1.309507750e-01 1.277044155e-01
 1.246861592e-01 1.219221540e-01 1.194403265e-01 1.172687840e-01 1.154353842e-01
 1.139674764e-01 1.128915679e-01 1.122329980e-01 1.120155063e-01 1.122608446e-01
 1.129883528e-01 1.142144743e-01 1.159523819e-01 1.182118599e-01 1.210011039e-01
 1.243265048e-01 1.281910911e-01 1.325895600e-01 1.375276782e-01 1.430232376e-01
 1.489859186e-01 1.554195694e-01 1.623070613e-01 1.696322150e-01 1.773755849e-01
 1.855149940e-01 1.940250658e-01 2.028768249e-01 2.120371796e-01 2.214682773e-01
 2.311267555e-01 2.409631722e-01 2.509214655e-01 2.609388829e-01 2.709462941e-01
 2.808690518e-01 2.906283810e-01 3.001431600e-01 3.093315512e-01 3.181125596e-01
 3.264071569e-01 3.341391459e-01 3.412361890e-01 3.476314619e-01 3.532662764e-01
 2.011845931e-01 1.975835413e-01 1.936904565e-01 1.895855106e-01 1.853306368e-01
 1.809578426e-01 1.764930710e-01 1.719568558e-01 1.673662849e-01 1.627367660e-01
 1.580831446e-01 1.534204520e-01 1.487643048e-01 1.441310011e-01 1.395373233e-01
 1.350548342e-01 1.306962967e-01 1.264874526e-01 1.224540993e-01 1.186244841e-01
 1.150285639e-01 1.116977874e-01 1.086648330e-01 1.059629638e-01 1.036254671e-01
 1.016851068e-01 1.001735572e-01 9.912082364e-02 9.855471368e-02 9.850028717e-02
 9.897939303e-02 1.000102498e-01 1.016071998e-01 1.037806720e-01 1.065373961e-01
 1.098804902e-01 1.138095539e-01 1.183210034e-01 1.234103199e-01 1.290715001e-01
 1.352931559e-01 1.420828365e-01 1.493402757e-01 1.570618935e-01 1.652229614e-01
 1.738001332e-01 1.827669889e-01 1.920948848e-01 2.017529085e-01 2.117073648e-01
 2.219214402e-01 2.323546149e-01 2.429624088e-01 2.536959946e-01 2.645019815e-01
 2.753220349e-01 2.860925346e-01 2.967437804e-01 3.071988001e-01 3.173717260e-01
 3.271659836e-01 3.364729061e-01 3.451722786e-01 3.531358167e-01 3.602353781e-01
 2.019108795e-01 1.981663518e-01 1.939174272e-01 1.893346571e-01 1.845654175e-01
 1.796667837e-01 1.746659539e-01 1.695805639e-01 1.644250378e-01 1.592129432e-01
 1.539580673e-01 1.486750171e-01 1.433794648e-01 1.380883195e-01 1.328719854e-01
 1.277489327e-01 1.227408033e-01 1.178737729e-01 1.131774187e-01 1.086843498e-01
 1.044297293e-01 1.004507877e-01 9.678629224e-02 9.347590062e-02 9.055946019e-02
 8.807627484e-02 8.606434055e-02 8.455957842e-02 8.359510080e-02 8.320051801e-02
 8.340133351e-02 8.421842752e-02 8.566776288e-02 8.776016161e-02 9.050137925e-02
 9.389225391e-02 9.792902693e-02 1.026039273e-01 1.079059392e-01 1.138214190e-01
 1.203347072e-01 1.274298802e-01 1.350873857e-01 1.433093026e-01 1.519854032e-01
 1.611070149e-01 1.706434749e-01 1.805668846e-01 1.908498779e-01 2.014646344e-01
 2.123823129e-01 2.235726565e-01 2.350036912e-01 2.466412969e-01 2.584485710e-01
 2.703847438e-01 2.824036330e-01 2.944508791e-01 3.064602390e-01 3.183480501e-01
 3.300062195e-01 3.412940875e-01 3.520319909e-01 3.620014935e-01 3.709591329e-01
 2.032947168e-01 1.995752417e-01 1.945493110e-01 1.891668290e-01 1.837467850e-01
 1.782472506e-01 1.726582348e-01 1.669803895e-01 1.612192467e-01 1.553833820e-01
 1.494838484e-01 1.435339227e-01 1.375489421e-01 1.315963976e-01 1.256937757e-01
 1.198627371e-01 1.141291931e-01 1.085233838e-01 1.030796152e-01 9.783594124e-02
 9.283368665e-02 8.811687677e-02 8.373161031e-02 7.972524875e-02 7.614557257e-02
 7.303984834e-02 7.045385243e-02 6.843086143e-02 6.701071747e-02 6.622890200e-02
 6.611572948e-02 6.669570318e-02 6.798702665e-02 7.000134511e-02 7.274368781e-02
 7.621265389e-02 8.040083757e-02 8.529548347e-02 9.087927456e-02 9.713137336e-02
 1.040284764e-01 1.115461327e-01 1.196598560e-01 1.283472851e-01 1.375847198e-01
 1.473735161e-01 1.575910672e-01 1.682178304e-01 1.792337559e-01 1.906189397e-01
 2.023537979e-01 2.144193425e-01 2.267974540e-01 2.394707613e-01 2.524221763e-01
 2.656338960e-01 2.790855691e-01 2.927511260e-01 3.065936417e-01 3.205567897e-01
 3.345511779e-01 3.484328762e-01 3.619716689e-01 3.748157471e-01 3.864883333e-01
 2.038882002e-01 2.000040412e-01 1.945990399e-01 1.886825152e-01 1.826955415e-01
 1.766185723e-01 1.704392023e-01 1.641528755e-01 1.577607803e-01 1.512682475e-01
 1.446841247e-01 1.380211487e-01 1.313437298e-01 1.246665381e-01 1.180092320e-01
 1.113964692e-01 1.048580352e-01 9.842878395e-02 9.214847907e-02 8.606148142e-02
 8.021627736e-02 7.466486098e-02 6.946194542e-02 6.466405465e-02 6.032845748e-02
 5.651202424e-02 5.326996744e-02 5.065460966e-02 4.871411157e-02 4.749130554e-02
 4.702263883e-02 4.733729643e-02 4.845653752e-02 5.039330198e-02 5.315211511e-02
 5.672926549e-02 6.111331753e-02 6.628588398e-02 7.222268918e-02 7.889485176e-02
 8.627034911e-02 9.431569462e-02 1.029977556e-01 1.122857723e-01 1.221535131e-01
 1.325830370e-01 1.435640864e-01 1.549772434e-01 1.668073647e-01 1.790421158e-01
 1.916698441e-01 2.046821117e-01 2.180749029e-01 2.318490222e-01 2.460104078e-01
 2.605700642e-01 2.755435109e-01 2.909496873e-01 3.068081066e-01 3.231336474e-01
 3.399259523e-01 3.571483642e-01 3.746790961e-01 3.921642452e-01 4.085840061e-01
 2.040712461e-01 1.999734417e-01 1.941745728e-01 1.878436283e-01 1.813776195e-01
 1.747702360e-01 1.680186055e-01 1.611225047e-01 1.540843807e-01 1.469087303e-01
 1.396007128e-01 1.322267391e-01 1.247987635e-01 1.173331663e-01 1.098517049e-01
 1.023819558e-01 9.495756406e-02 8.761826532e-02 8.040980065e-02 7.338357905e-02
 6.659621002e-02 6.010879391e-02 5.398603901e-02 4.829516631e-02 4.310462251e-02
 3.848267157e-02 3.449584453e-02 3.120734400e-02 2.867545889e-02 2.695204271e-02
 2.608113736e-02 2.609780896e-02 2.702726374e-02 2.888429814e-02 3.167310449e-02
 3.538747600e-02 4.001139008e-02 4.551997871e-02 5.188082156e-02 5.905553978e-02
 6.700165008e-02 7.567458786e-02 8.502987958e-02 9.502544814e-02 1.056239475e-01
 1.167952027e-01 1.285183578e-01 1.407846473e-01 1.534847245e-01 1.666217930e-01
 1.801829040e-01 1.941664181e-01 2.085806951e-01 2.234440670e-01 2.387855649e-01
 2.546463460e-01 2.710817307e-01 2.881637737e-01 3.059847132e-01 3.246613145e-01
 3.443416878e-01 3.652167991e-01 3.875458985e-01 4.117160291e-01 4.367676899e-01
 2.039539330e-01 1.996074580e-01 1.935504079e-01 1.868340299e-01 1.799127720e-01
 1.727900654e-01 1.654701047e-01 1.579582356e-01 1.502611190e-01 1.423873417e-01
 1.343493015e-01 1.262088307e-01 1.179732904e-01 1.096580159e-01 1.012856886e-01
 9.288630074e-02 8.449721149e-02 7.616318951e-02 6.793631800e-02 5.987569223e-02
 5.204691828e-02 4.452134392e-02 3.737502544e-02 3.068746069e-02 2.454004483e-02
 1.901434083e-02 1.419018582e-02 1.014368635e-02 6.945214947e-03 4.657466168e-03
 3.333684755e-03 3.016146002e-03 3.734983300e-03 5.507425492e-03 8.337501888e-03
 1.221623550e-02 1.712233387e-02 2.302334926e-02 2.987726548e-02 3.763444538e-02
 4.623986594e-02 5.563554728e-02 6.576311028e-02 7.656634974e-02 8.799371311e-02
 1.000006683e-01 1.125515457e-01 1.256208326e-01 1.391928122e-01 1.532907970e-01
 1.678036340e-01 1.827413067e-01 1.981254108e-01 2.139895335e-01 2.303812541e-01
 2.473654449e-01 2.650286704e-01 2.834853456e-01 3.028862104e-01 3.234302998e-01
 3.453824669e-01 3.690994606e-01 3.950717672e-01 4.240021258e-01 4.543262422e-01
 2.039174661e-01 1.993276030e-01 1.929622628e-01 1.858516149e-01 1.784636714e-01
 1.708102748e-01 1.629029438e-01 1.547522880e-01 1.463670395e-01 1.377535463e-01
 1.289732345e-01 1.200341247e-01 1.109477263e-01 1.017315164e-01 9.241018628e-02
 8.301643467e-02 7.359145771e-02 6.418519097e-02 5.485638416e-02 4.567234033e-02
 3.670844344e-02 2.804731300e-02 1.977765978e-02 1.199279449e-02 4.788823760e-03
-1.737448198e-03-7.490834600e-03-1.238023213e-02-1.632113382e-02-1.923807572e-02
-2.106690410e-02-2.175672028e-02-2.127142673e-02-1.959074242e-02-1.671064578e-02
-1.264319706e-02-7.415734930e-03-1.069491787e-03 6.342333421e-03 1.475693358e-02
 2.410459610e-02 3.431162794e-02 4.530340151e-02 5.700740499e-02 6.935623474e-02
 8.229044269e-02 9.576128235e-02 1.097333767e-01 1.241877004e-01 1.391256451e-01
 1.545672975e-01 1.703959331e-01 1.866458803e-01 2.033594773e-01 2.205924355e-01
 2.384187914e-01 2.569365204e-01 2.762748301e-01 2.966041490e-01 3.181498274e-01
 3.412106335e-01 3.661823422e-01 3.935827613e-01 4.240645543e-01 4.568148553e-01
 2.042612508e-01 1.994559802e-01 1.926530748e-01 1.851090677e-01 1.772062890e-01
 1.689739637e-01 1.604378968e-01 1.516155675e-01 1.425190307e-01 1.331593655e-01
 1.235911772e-01 1.138150115e-01 1.038392652e-01 9.368042645e-02 8.336366712e-02
 7.292360437e-02 6.240479926e-02 5.186220628e-02 4.136130027e-02 3.097792671e-02
 2.079782497e-02 1.091575505e-02 1.434217760e-03-7.538252161e-03-1.588919686e-02
-2.350472796e-02-3.027232036e-02-3.608382214e-02-4.083855171e-02-4.444634916e-02
-4.683042321e-02-4.792981873e-02-4.770140538e-02-4.612121449e-02-4.318506454e-02
-3.890841825e-02-3.332545330e-02-2.648740586e-02-1.846027373e-02-9.321956080e-03
 8.409835500e-04 1.193682874e-02 2.387232424e-02 3.655628582e-02 4.990311150e-02
 6.383612566e-02 7.829081079e-02 9.321798199e-02 1.085871682e-01 1.243905630e-01
 1.406481825e-01 1.572579779e-01 1.742378659e-01 1.916205175e-01 2.094535231e-01
 2.278016061e-01 2.467502170e-01 2.664107308e-01 2.869279906e-01 3.084910959e-01
 3.313495666e-01 3.558385894e-01 3.824197799e-01 4.117430374e-01 4.432706610e-01
 2.050088831e-01 1.999799609e-01 1.929646023e-01 1.848610118e-01 1.762977838e-01
 1.673875004e-01 1.581594572e-01 1.486218609e-01 1.387739777e-01 1.286682449e-01
 1.183006577e-01 1.076711584e-01 9.678645805e-02 8.566180991e-02 7.432226275e-02
 6.280368005e-02 5.115352292e-02 3.943142666e-02 2.770947803e-02 1.607217779e-02
 4.615976621e-03-6.551615341e-03-1.731343266e-02-2.754457762e-02-3.711485492e-02
-4.589169749e-02-5.374348068e-02-6.054315994e-02-6.617200564e-02-7.052338494e-02
-7.350623424e-02-7.504818591e-02-7.509805633e-02-7.362756319e-02-7.063218394e-02
-6.613105905e-02-6.016590913e-02-5.279912239e-02-4.411097147e-02-3.419623154e-02
-2.316031142e-02-1.111510371e-02 1.825256753e-03 1.554856518e-02 2.994852468e-02
 4.492842589e-02 6.040449443e-02 7.630885205e-02 9.259215184e-02 1.092257332e-01
 1.262030787e-01 1.435395628e-01 1.611443311e-01 1.790403463e-01 1.972604133e-01
 2.158484012e-01 2.348603420e-01 2.543656528e-01 2.744489163e-01 2.952118963e-01
 3.167764693e-01 3.392897024e-01 3.629382923e-01 3.880128860e-01 4.144836664e-01
 2.073782198e-01 2.025556341e-01 1.943610274e-01 1.851024516e-01 1.756872610e-01
 1.660281457e-01 1.560849548e-01 1.458336860e-01 1.352560445e-01 1.243917476e-01
 1.132234112e-01 1.017428823e-01 8.995174244e-02 7.786216772e-02 6.549790315e-02
 5.289527963e-02 4.010404459e-02 2.718807806e-02 1.422580474e-02 1.310250678e-03
-1.145134494e-02-2.393844444e-02-3.601871525e-02-4.755016972e-02-5.838392023e-02
-6.836755763e-02-7.734904437e-02-8.518099226e-02-9.172514829e-02-9.685694057e-02
-1.004696991e-01-1.024784948e-01-1.028232016e-01-1.014706641e-01-9.841582182e-02
-9.368166330e-02-8.731801808e-02-7.939929889e-02-7.002121958e-02-5.929684638e-02
-4.735198525e-02-3.432037213e-02-2.033874065e-02-5.542051716e-03 9.940958815e-03
 2.599178067e-02 4.250560238e-02 5.939420221e-02 7.658826001e-02 9.403909929e-02
 1.117199063e-01 1.296266169e-01 1.477791257e-01 1.660779528e-01 1.845369302e-01
 2.031759284e-01 2.220173552e-01 2.410832755e-01 2.603912726e-01 2.799475193e-01
 2.997339293e-01 3.196832314e-01 3.396266401e-01 3.591792956e-01 3.775501997e-01
 2.086845897e-01 2.037597298e-01 1.949645318e-01 1.850982792e-01 1.750438996e-01
 1.647449397e-01 1.541584208e-01 1.432499960e-01 1.319910772e-01 1.204081811e-01
 1.084757093e-01 9.617896934e-02 8.351474257e-02 7.049199197e-02 5.713289886e-02
 4.347386956e-02 2.956653714e-02 1.547861821e-02 1.294486239e-03-1.288463593e-02
-2.694096930e-02-4.074108323e-02-5.413746461e-02-6.697086428e-02-7.907336394e-02
-9.027220678e-02-1.003942806e-01-1.092710681e-01-1.167439409e-01-1.226694789e-01
-1.269245576e-01-1.294109188e-01-1.300588809e-01-1.288299821e-01-1.257184352e-01
-1.207510996e-01-1.139861885e-01-1.055105925e-01-9.543614836e-02-8.389495125e-02
-7.103405890e-02-5.700991022e-02-4.198267587e-02-2.611084658e-02-9.546267349e-03
 7.570223897e-03 2.511245619e-02 4.297184668e-02 6.105955316e-02 7.930793239e-02
 9.767129457e-02 1.161260214e-01 1.346697770e-01 1.533191651e-01 1.719434709e-01
 1.905506477e-01 2.091389484e-01 2.276957370e-01 2.461929731e-01 2.645792589e-01
 2.827676758e-01 3.006181642e-01 3.179147392e-01 3.343449607e-01 3.495037630e-01
 2.089933492e-01 2.038751766e-01 1.949975975e-01 1.847685054e-01 1.742735989e-01
 1.634851247e-01 1.523702033e-01 1.408977024e-01 1.290407293e-01 1.168145947e-01
 1.041882373e-01 9.114267674e-02 7.767133039e-02 6.378082001e-02 4.949211140e-02
 3.484173864e-02 1.988302355e-02 4.687151566e-03-1.065604691e-02-2.603771721e-02
-4.133015036e-02-5.638763402e-02-7.104807347e-02-8.513547666e-02-9.846336023e-02
-1.108389609e-01-1.220683176e-01-1.319619194e-01-1.403407492e-01-1.470425017e-01
-1.519274265e-01-1.548837349e-01-1.558319665e-01-1.547281779e-01-1.515656374e-01
-1.463749595e-01-1.392226033e-01-1.302078850e-01-1.194586270e-01-1.071258765e-01
-9.337781182e-02-7.839337365e-02-6.235587968e-02-4.544696023e-02-2.784105389e-02
-9.700649098e-03 8.827611135e-03 2.761593694e-02 4.655752516e-02 6.556790882e-02
 8.458568898e-02 1.035728790e-01 1.225154344e-01 1.414249055e-01 1.601735987e-01
 1.787412167e-01 1.971048005e-01 2.152315602e-01 2.330733910e-01 2.505613454e-01
 2.675996422e-01 2.840596885e-01 2.997763827e-01 3.145502731e-01 3.281598538e-01
 2.092084661e-01 2.039372995e-01 1.948020831e-01 1.843016856e-01 1.734864972e-01
 1.623269804e-01 1.507904157e-01 1.388420611e-01 1.265020035e-01 1.137343925e-01
 1.005104333e-01 8.681095207e-02 7.262830250e-02 5.796802320e-02 4.285049997e-02
 2.731259725e-02 1.140918626e-02-4.785489291e-03-2.117678056e-02-3.764904573e-02
-5.406565964e-02-7.026978582e-02-8.608601612e-02-1.013229769e-01-1.157769710e-01
-1.292366199e-01-1.414884329e-01-1.523231454e-01-1.615424715e-01-1.689661146e-01
-1.744384989e-01-1.778348424e-01-1.790662520e-01-1.780833713e-01-1.748784371e-01
-1.694854200e-01-1.619784795e-01-1.524685174e-01-1.410984509e-01-1.280370653e-01
-1.134723686e-01-9.760433996e-02-8.063788337e-02-6.277610923e-02-4.421428965e-02
-2.513473065e-02-5.702633294e-03 1.393698087e-02 3.366133755e-02 5.337101687e-02
 7.299017903e-02 9.246601161e-02 1.117672082e-01 1.308809966e-01 1.498069018e-01
 1.683958136e-01 1.866284944e-01 2.044706345e-01 2.218731977e-01 2.387712151e-01
 2.550824285e-01 2.707068399e-01 2.855283916e-01 2.994194925e-01 3.122495860e-01
 2.093213313e-01 2.039193809e-01 1.945351027e-01 1.838547364e-01 1.728272326e-01
 1.614096910e-01 1.495670229e-01 1.372662671e-01 1.245306470e-01 1.113205384e-01
 9.760550226e-02 8.336522803e-02 6.859104152e-02 5.328767098e-02 3.747511472e-02
 2.119054462e-02 4.490116218e-03-1.254942639e-02-2.982946344e-02-4.722870981e-02
-6.460306884e-02-8.178631031e-02-9.859167415e-02-1.148146224e-01-1.302366145e-01
-1.446301416e-01-1.577647180e-01-1.694137529e-01-1.793620624e-01-1.874134727e-01
-1.933983565e-01-1.971803643e-01-1.986621357e-01-1.977893897e-01-1.945532336e-01
-1.889904961e-01-1.811819002e-01-1.712484695e-01-1.593461409e-01-1.456592307e-01
-1.303929314e-01-1.137655080e-01-9.600051682e-02-7.731954752e-02-5.793570724e-02
-3.804811741e-02-1.783757891e-02 2.536613349e-03 2.293871343e-02 4.325752895e-02
 6.340653825e-02 8.332334088e-02 1.029686686e-01 1.223256122e-01 1.414001956e-01
 1.600531750e-01 1.782503203e-01 1.959542371e-01 2.131192013e-01 2.296892926e-01
 2.455979958e-01 2.607693151e-01 2.751201242e-01 2.885642722e-01 3.010179028e-01
 2.090810798e-01 2.035144009e-01 1.942403615e-01 1.835503280e-01 1.724447384e-01
 1.608801372e-01 1.488331482e-01 1.362810545e-01 1.232518945e-01 1.097084750e-01
 9.562100096e-02 8.096896301e-02 6.574318183e-02 4.994785039e-02 3.360269128e-02
 1.674507745e-02-5.679343012e-04-1.825777721e-02-3.622289935e-02-5.433780330e-02
-7.245275003e-02-9.039436464e-02-1.079671998e-01-1.249565482e-01-1.411323882e-01
-1.562546194e-01-1.700794436e-01-1.823667064e-01-1.928878092e-01-2.014340497e-01
-2.078245654e-01-2.119137830e-01-2.135974691e-01-2.128172852e-01-2.095633149e-01
-2.038744091e-01-1.958363615e-01-1.855779886e-01-1.732653752e-01-1.590948924e-01
-1.432851069e-01-1.260684747e-01-1.076829787e-01-8.836447075e-02-6.833970732e-02
-4.782060438e-02-2.699969380e-02-6.046866925e-03 1.489265378e-02 3.569921292e-02
 5.627863762e-02 7.656129266e-02 9.650041905e-02 1.160696261e-01 1.352591775e-01
 1.540693715e-01 1.723349765e-01 1.900333651e-01 2.071291879e-01 2.235766947e-01
 2.393216118e-01 2.543032915e-01 2.684573158e-01 2.817190364e-01 2.940274626e-01
 2.087953873e-01 2.029311880e-01 1.941252463e-01 1.836972796e-01 1.725802496e-01
 1.609168909e-01 1.487275474e-01 1.360028275e-01 1.227751635e-01 1.090087742e-01
 9.467408992e-02 7.975031997e-02 6.422779526e-02 4.811026904e-02 3.141717378e-02
 1.418590729e-02-3.526005719e-03-2.163895640e-02-4.004964701e-02-5.863000451e-02
-7.722680455e-02-9.566219337e-02-1.137352493e-01-1.312247962e-01-1.478934660e-01
-1.634930521e-01-1.777711734e-01-1.904787980e-01-2.013786174e-01-2.102536522e-01
-2.169156485e-01-2.212128601e-01-2.230364233e-01-2.223251797e-01-2.190683372e-01
-2.133059018e-01-2.051267586e-01-1.946645901e-01-1.820919328e-01-1.676127762e-01
-1.514542066e-01-1.338576637e-01-1.150703002e-01-9.533692710e-02-7.489284498e-02
-5.395788049e-02-3.273170489e-02-1.139051907e-02 9.914999580e-03 3.106056852e-02
 5.194817483e-02 7.250513136e-02 9.268254790e-02 1.124533862e-01 1.318105385e-01
 1.507654674e-01 1.691486053e-01 1.869357489e-01 2.040933259e-01 2.205790169e-01
 2.363431454e-01 2.513306513e-01 2.654836252e-01 2.787444964e-01 2.910594940e-01
 2.107380703e-01 2.051716074e-01 1.956785843e-01 1.847642325e-01 1.734358892e-01
 1.616361700e-01 1.493338421e-01 1.365019679e-01 1.231664549e-01 1.092880126e-01
 9.483527017e-02 7.978643106e-02 6.413118172e-02 4.787282461e-02 3.103050076e-02
 1.364144593e-02-4.236801062e-03-2.252440763e-02-4.111759552e-02-5.988750234e-02
-7.867977585e-02-9.731504133e-02-1.155904736e-01-1.332825944e-01-1.501513645e-01
-1.659455896e-01-1.804096810e-01-1.932912395e-01-2.043496035e-01-2.133645639e-01
-2.201449276e-01-2.245364189e-01-2.264281921e-01-2.257577963e-01-2.225138172e-01
-2.167364359e-01-2.085153982e-01-1.979859732e-01-1.853228174e-01-1.707325466e-01
-1.544451304e-01-1.367051229e-01-1.177627891e-01-9.786596334e-02-7.725273629e-02
-5.614542121e-02-3.474579474e-02-1.323172566e-02 8.244888479e-03 2.955902045e-02
 5.061239193e-02 7.133254410e-02 9.167134200e-02 1.116031147e-01 1.311227493e-01
 1.502439231e-01 1.687982828e-01 1.867612601e-01 2.040984705e-01 2.207660526e-01
 2.367118001e-01 2.518769279e-01 2.661987096e-01 2.796138376e-01 2.920625582e-01
 2.122594528e-01 2.067756951e-01 1.972786337e-01 1.862620674e-01 1.748396642e-01
 1.629751883e-01 1.506323889e-01 1.377773509e-01 1.244329289e-01 1.105573829e-01
 9.611829744e-02 8.109344169e-02 6.547233090e-02 4.925813616e-02 3.246984165e-02
 1.514442010e-02-2.661009959e-03-2.086721826e-02-3.937124179e-02-5.804527180e-02
-7.673625649e-02-9.526637572e-02-1.134346258e-01-1.310195588e-01-1.477833502e-01
-1.634772122e-01-1.778479479e-01-1.906456240e-01-2.016318888e-01-2.105886042e-01
-2.173263877e-01-2.216923013e-01-2.235763967e-01-2.229165285e-01-2.197010405e-01
-2.139692642e-01-2.058095485e-01-1.953552664e-01-1.827787645e-01-1.682839543e-01
-1.520979442e-01-1.344621740e-01-1.156237740e-01-9.582737087e-02-7.530791682e-02
-5.428458656e-02-3.295607210e-02-1.149716554e-02 9.943336918e-03 3.124356642e-02
 5.230848581e-02 7.306896706e-02 9.348020515e-02 1.135197319e-01 1.331852861e-01
 1.524932459e-01 1.712737307e-01 1.895023137e-01 2.071422934e-01 2.241443991e-01
 2.404472716e-01 2.559790015e-01 2.706597373e-01 2.844059393e-01 2.971360087e-01
 2.140150443e-01 2.086596787e-01 1.990212277e-01 1.880444959e-01 1.766631864e-01
 1.648456417e-01 1.525632702e-01 1.397851668e-01 1.265350915e-01 1.127768122e-01
 9.848030473e-02 8.362457527e-02 6.819986737e-02 5.220975263e-02 3.567324112e-02
 1.862694792e-02 1.127131662e-03-1.674842020e-02-3.489885853e-02-5.319925214e-02
-7.150024737e-02-8.962858839e-02-1.073886920e-01-1.245653573e-01-1.409277543e-01
-1.562346369e-01-1.702407226e-01-1.827040873e-01-1.933941431e-01-2.021000311e-01
-2.086386755e-01-2.128622867e-01-2.146645598e-01-2.139852568e-01-2.108128481e-01
-2.051848769e-01-1.971861794e-01-1.869449131e-01-1.746268831e-01-1.604282893e-01
-1.445677504e-01-1.272777356e-01-1.087962072e-01-8.935866508e-02-6.919115597e-02
-4.850433863e-02-2.748878206e-02-6.311562596e-03 1.488590126e-02 3.598889058e-02
 5.690939819e-02 7.758528925e-02 9.797861429e-02 1.180730425e-01 1.378698275e-01
 1.573805921e-01 1.764421351e-01 1.950347312e-01 2.131202631e-01 2.306422032e-01
 2.475249358e-01 2.636737674e-01 2.789768055e-01 2.933098077e-01 3.065448776e-01
 2.155172229e-01 2.102840729e-01 2.009757273e-01 1.901340261e-01 1.788807250e-01
 1.671997309e-01 1.550723687e-01 1.424796991e-01 1.294032522e-01 1.158624831e-01
 1.018261090e-01 8.727343194e-02 7.219532321e-02 5.659581161e-02 4.049392884e-02
 2.392567087e-02 6.945907968e-03-1.036989506e-02-2.792429228e-02-4.559697116e-02
-6.324450763e-02-8.070098798e-02-9.777953659e-02-1.142750159e-01-1.299678199e-01
-1.446288787e-01-1.580256559e-01-1.699291505e-01-1.801214181e-01-1.884033121e-01
-1.946021207e-01-1.985784844e-01-2.002321296e-01-1.995061748e-01-1.963895373e-01
-1.909172125e-01-1.831686571e-01-1.732640267e-01-1.613588482e-01-1.476373114e-01
-1.323046796e-01-1.155793015e-01-9.768469447e-02-7.884201965e-02-5.926338398e-02
-3.914610948e-02-1.866815097e-02 2.015347345e-03 2.277432891e-02 4.350511357e-02
 6.413078120e-02 8.460087700e-02 1.048906874e-01 1.250006650e-01 1.449571214e-01
 1.646358632e-01 1.840182393e-01 2.030793018e-01 2.217792980e-01 2.400570176e-01
 2.578233033e-01 2.749550045e-01 2.912913487e-01 3.066360280e-01 3.207698390e-01
 2.173814103e-01 2.123268582e-01 2.032029331e-01 1.925448477e-01 1.814749166e-01
 1.699844040e-01 1.580658033e-01 1.457098611e-01 1.329027303e-01 1.196778268e-01
 1.060092076e-01 9.187936966e-02 7.728103550e-02 6.221903766e-02 4.671234917e-02
 3.079597607e-02 1.452275620e-02-2.035092606e-03-1.878476838e-02-3.561216404e-02
-5.238178188e-02-6.893740039e-02-8.510365520e-02-1.006886102e-01-1.154873762e-01
-1.292867772e-01-1.418709345e-01-1.530277021e-01-1.625555270e-01-1.702705883e-01
-1.760136187e-01-1.796562485e-01-1.811061725e-01-1.803109497e-01-1.772601754e-01
-1.719857976e-01-1.645604186e-01-1.550940424e-01-1.437291168e-01-1.306344271e-01
-1.159981172e-01-1.000204328e-01-8.290631507e-02-6.485847014e-02-4.607104792e-02
-2.672422909e-02-6.979736369e-03 1.302259158e-02 3.316725137e-02 5.336462332e-02
 7.355170700e-02 9.369209968e-02 1.137751397e-01 1.338135674e-01 1.538379229e-01
 1.737257540e-01 1.934908219e-01 2.131324038e-01 2.326323352e-01 2.519476786e-01
 2.709985525e-01 2.896504775e-01 3.076915145e-01 3.248115405e-01 3.406060934e-01
 2.196252420e-01 2.147912420e-01 2.057278455e-01 1.953106262e-01 1.844431088e-01
 1.731512547e-01 1.614610181e-01 1.493798569e-01 1.369011738e-01 1.240640562e-01
 1.108489912e-01 9.724109060e-02 8.323394693e-02 6.883234343e-02 5.405436084e-02
 3.893322495e-02 2.351888223e-02 7.879330558e-03-7.898424767e-03-2.370785829e-02
-3.942300098e-02-5.489920921e-02-6.997473535e-02-8.447319828e-02-9.820695221e-02
-1.109813861e-01-1.226000078e-01-1.328702308e-01-1.416095011e-01-1.486516669e-01
-1.538530700e-01-1.570979916e-01-1.583033130e-01-1.574218013e-01-1.544439457e-01
-1.493982039e-01-1.423495002e-01-1.333962456e-01-1.226659883e-01-1.103098765e-01
-9.649652243e-02-8.140534720e-02-6.521998721e-02-4.812192729e-02-3.028466782e-02
-1.186863819e-02 6.983117433e-03 2.614838909e-02 4.552845842e-02 6.505007113e-02
 8.466690221e-02 1.043608487e-01 1.241437010e-01 1.440604664e-01 1.640207060e-01
 1.840496920e-01 2.041791454e-01 2.244411372e-01 2.448627986e-01 2.654589787e-01
 2.862192169e-01 3.070825413e-01 3.278846815e-01 3.482423276e-01 3.673609942e-01
 2.223470322e-01 2.178818546e-01 2.091219425e-01 1.986481063e-01 1.877793893e-01
 1.765919067e-01 1.651062704e-01 1.533225402e-01 1.412323267e-01 1.288249381e-01
 1.161291282e-01 1.031236444e-01 8.979859389e-02 7.615632752e-02 6.221262926e-02
 4.799789100e-02 3.355828018e-02 1.895668592e-02 4.273374725e-03-1.039375112e-02
-2.492940423e-02-3.920178393e-02-5.306413771e-02-6.635709482e-02-7.891177011e-02
-9.055365063e-02-1.011071503e-01-1.104006600e-01-1.182720214e-01-1.245739609e-01
-1.291793883e-01-1.319861225e-01-1.329208314e-01-1.319418065e-01-1.290405430e-01
-1.242418587e-01-1.176025700e-01-1.092089023e-01-9.917262012e-02-8.762627280e-02
-7.471770981e-02-6.060431340e-02-4.544707293e-02-2.940490608e-02-1.262935578e-02
 4.740133169e-03 2.258031724e-02 4.078756833e-02 5.928065910e-02 7.800292782e-02
 9.692396969e-02 1.160407532e-01 1.353782937e-01 1.549897045e-01 1.747877076e-01
 1.948368251e-01 2.152079865e-01 2.359827049e-01 2.572560683e-01 2.791393622e-01
 3.017632589e-01 3.252831847e-01 3.498938531e-01 3.758944645e-01 4.032597840e-01
 2.262220681e-01 2.224679440e-01 2.131466158e-01 2.021180503e-01 1.910906546e-01
 1.799700297e-01 1.687017865e-01 1.572507285e-01 1.455893107e-01 1.336931251e-01
 1.215941273e-01 1.092683151e-01 9.670346786e-02 8.389970846e-02 7.087026723e-02
 5.764232577e-02 4.425780660e-02 3.077397218e-02 1.726379199e-02 3.815957607e-03
-9.465543451e-03-2.246237636e-02-3.504339141e-02-4.706680591e-02-5.838302619e-02
-6.883809526e-02-7.827767916e-02-8.655149302e-02-9.351792376e-02-9.904873374e-02
-1.030334830e-01-1.053835489e-01-1.060353797e-01-1.049528140e-01-1.021283548e-01
-9.758319522e-02-9.136611970e-02-8.355118519e-02-7.423443905e-02-6.352983884e-02
-5.156453047e-02-3.847383613e-02-2.439609633e-02-9.467655647e-03 6.181887948e-03
 2.243401717e-02 3.918516541e-02 5.635011477e-02 7.386495173e-02 9.168965367e-02
 1.098103560e-01 1.282410883e-01 1.470242403e-01 1.660927981e-01 1.855012290e-01
 2.053236440e-01 2.256552987e-01 2.466172985e-01 2.683638856e-01 2.910934463e-01
 3.150647879e-01 3.406227603e-01 3.682394624e-01 3.985766396e-01 4.310952946e-01
 2.282274068e-01 2.248213328e-01 2.154874057e-01 2.045623511e-01 1.936890520e-01
 1.828119643e-01 1.718855501e-01 1.608694345e-01 1.497282348e-01 1.384300366e-01
 1.270043962e-01 1.154284757e-01 1.036891192e-01 9.178465229e-02 7.972590813e-02
 6.753687559e-02 5.525516439e-02 4.293230829e-02 3.063386583e-02 1.843921564e-02
 6.440984696e-03-5.255950527e-03-1.653594107e-02-2.727457412e-02-3.734119705e-02
-4.660193811e-02-5.492314880e-02-6.217515285e-02-6.823616472e-02-7.299622518e-02
-7.636085524e-02-7.825437930e-02-7.862256281e-02-7.743451747e-02-7.468368301e-02
-7.038781416e-02-6.458801030e-02-5.734674167e-02-4.874510785e-02-3.887934331e-02
-2.785686447e-02-1.579196003e-02-2.801400478e-03 1.099993315e-02 2.550322658e-02
 4.060963355e-02 5.623386704e-02 7.230751406e-02 8.878219312e-02 1.056328137e-01
 1.228614971e-01 1.405033283e-01 1.584745273e-01 1.768146530e-01 1.955821477e-01
 2.148565650e-01 2.347428016e-01 2.553776875e-01 2.769396454e-01 2.996624410e-01
 3.238536418e-01 3.499185071e-01 3.783852011e-01 4.099176452e-01 4.436980188e-01
 2.283235043e-01 2.251282893e-01 2.163263858e-01 2.057330012e-01 1.952282004e-01
 1.847855263e-01 1.743640676e-01 1.639233082e-01 1.534269229e-01 1.428450048e-01
 1.321561188e-01 1.213902198e-01 1.105288659e-01 9.956756233e-02 8.851476017e-02
 7.739154249e-02 6.623155434e-02 5.508095678e-02 4.399823211e-02 3.305381720e-02
 2.232943148e-02 1.191705720e-02 1.917551388e-03-7.561173392e-03-1.640636777e-02
-2.450304804e-02-3.173691871e-02-3.799751308e-02-4.318145663e-02-4.719566644e-02
-4.996037016e-02-5.141176657e-02-5.150414816e-02-5.021142215e-02-4.752783946e-02
-4.346795936e-02-3.806578925e-02-3.137316694e-02-2.345744798e-02-1.439861023e-02
-4.285947565e-03 6.785521997e-03 1.871878047e-02 3.141851860e-02 4.479473550e-02
 5.876612477e-02 7.326323354e-02 8.823135684e-02 1.036331747e-01 1.194511261e-01
 1.356893703e-01 1.523747407e-01 1.694030873e-01 1.868200525e-01 2.046814039e-01
 2.230588384e-01 2.420454510e-01 2.617622092e-01 2.823666483e-01 3.040649519e-01
 3.271296471e-01 3.519258872e-01 3.789536580e-01 4.089269265e-01 4.402672350e-01
 2.271829509e-01 2.242076620e-01 2.156235464e-01 2.054633498e-01 1.955015771e-01
 1.856791564e-01 1.759370677e-01 1.662232168e-01 1.564950347e-01 1.467189938e-01
 1.368685402e-01 1.269803270e-01 1.170429699e-01 1.070546377e-01 9.702420235e-02
 8.697148410e-02 7.692729868e-02 6.693328731e-02 5.704164694e-02 4.731466342e-02
 3.782400304e-02 2.864975807e-02 1.987915066e-02 1.160493819e-02 3.923492652e-03
-3.067402038e-03-9.270991672e-03-1.459414699e-02-1.895001672e-02-2.226062956e-02
-2.445930846e-02-2.549278316e-02-2.532287546e-02-2.392766299e-02-2.130204068e-02
-1.745763911e-02-1.242210438e-02-6.237746580e-03 1.040355186e-03 9.346723993e-03
 1.860820688e-02 2.874694721e-02 3.968346768e-02 5.133979395e-02 6.364247575e-02
 7.652551684e-02 8.993305078e-02 1.038219370e-01 1.181640905e-01 1.329488232e-01
 1.481851861e-01 1.637654193e-01 1.796991564e-01 1.960083470e-01 2.127263434e-01
 2.298988588e-01 2.475859672e-01 2.658646851e-01 2.848323733e-01 3.046112135e-01
 3.253549486e-01 3.472607210e-01 3.705948815e-01 3.957536891e-01 4.217714221e-01
 2.240496464e-01 2.211917229e-01 2.129447311e-01 2.034503333e-01 1.943033263e-01
 1.853570864e-01 1.765105836e-01 1.676969789e-01 1.588727906e-01 1.500101946e-01
 1.410928704e-01 1.321148277e-01 1.231236123e-01 1.141171753e-01 1.051048618e-01
 9.610611944e-02 8.714990319e-02 7.827432454e-02 6.952624583e-02 6.096080501e-02
 5.264073241e-02 4.463547652e-02 3.702005462e-02 2.987369474e-02 2.327819263e-02
 1.731609320e-02 1.206867582e-02 7.613852387e-03 4.024027330e-03 1.364031174e-03
-3.107920129e-04-9.562368505e-04-5.405453339e-04 9.547079826e-04 3.534205309e-03
 7.188984091e-03 1.189704611e-02 1.762445738e-02 2.432689212e-02 3.195154297e-02
 4.043933935e-02 4.972736814e-02 5.975140166e-02 7.044848056e-02 8.175944534e-02
 9.363138676e-02 1.060199551e-01 1.188914646e-01 1.322249397e-01 1.460141763e-01
 1.601381451e-01 1.745874546e-01 1.893580779e-01 2.044520080e-01 2.198771276e-01
 2.356469929e-01 2.517801449e-01 2.682987228e-01 2.852256968e-01 3.025793508e-01
 3.203626722e-01 3.385418728e-01 3.569971099e-01 3.753734082e-01 3.926411718e-01
 2.176471948e-01 2.145303041e-01 2.073901854e-01 1.993309222e-01 1.915658899e-01
 1.838722639e-01 1.761688516e-01 1.684202478e-01 1.606095955e-01 1.527293436e-01
 1.447772719e-01 1.367538497e-01 1.287204772e-01 1.206873413e-01 1.126695853e-01
 1.046888456e-01 9.677378459e-02 8.896010925e-02 8.129038851e-02 7.381368059e-02
 6.658495593e-02 5.966435188e-02 5.311621723e-02 4.700795469e-02 4.140868131e-02
 3.638773785e-02 3.201305585e-02 2.834948850e-02 2.545710793e-02 2.338958531e-02
 2.219270403e-02 2.190308180e-02 2.254717470e-02 2.414061455e-02 2.668791356e-02
 3.018257673e-02 3.460760975e-02 3.993639163e-02 4.613392519e-02 5.315835403e-02
 6.096274591e-02 6.949701722e-02 7.871000466e-02 8.855156784e-02 9.897472338e-02
 1.099377163e-01 1.214060504e-01 1.333539039e-01 1.457656547e-01 1.585095003e-01
 1.715618521e-01 1.849012747e-01 1.985083446e-01 2.123653591e-01 2.264557630e-01
 2.407629005e-01 2.552680671e-01 2.699472159e-01 2.847655117e-01 2.996686921e-01
 3.145691455e-01 3.293238953e-01 3.437026292e-01 3.573516012e-01 3.697903156e-01
 2.079585605e-01 2.037030869e-01 1.991274283e-01 1.938259229e-01 1.879421696e-01
 1.817261875e-01 1.752811894e-01 1.686606109e-01 1.618976705e-01 1.550164670e-01
 1.480370462e-01 1.409785450e-01 1.338624097e-01 1.267609671e-01 1.196898483e-01
 1.126713808e-01 1.057337634e-01 9.891067256e-02 9.224105437e-02 8.576873504e-02
 7.954197751e-02 7.361288552e-02 6.803658602e-02 6.287031900e-02 5.817235075e-02
 5.400077161e-02 5.041221248e-02 4.746052621e-02 4.519545660e-02 4.366139694e-02
 4.289624095e-02 4.293042328e-02 4.378616904e-02 4.547701123e-02 4.800758419e-02
 5.137374812e-02 5.556298698e-02 6.055511719e-02 6.632326915e-02 7.283506543e-02
 8.005401865e-02 8.794104305e-02 9.645608255e-02 1.055598017e-01 1.152153779e-01
 1.253903340e-01 1.360599362e-01 1.472058147e-01 1.586892679e-01 1.704784892e-01
 1.825411618e-01 1.948442571e-01 2.073538900e-01 2.200347967e-01 2.328497283e-01
 2.457582913e-01 2.587151751e-01 2.716673985e-01 2.845502868e-01 2.972817794e-01
 3.097551242e-01 3.218304589e-01 3.333282620e-01 3.440294191e-01 3.536889925e-01
 2.016476951e-01 1.971977316e-01 1.933740117e-01 1.893422269e-01 1.847459339e-01
 1.797216796e-01 1.743740588e-01 1.687778197e-01 1.629869863e-01 1.570423916e-01
 1.509765163e-01 1.448163539e-01 1.385843754e-01 1.323624886e-01 1.261752918e-01
 1.200489476e-01 1.140124500e-01 1.080981307e-01 1.023418382e-01 9.678287621e-02
 9.146368320e-02 8.642940220e-02 8.172726628e-02 7.740583642e-02 7.351420449e-02
 7.010098359e-02 6.721336208e-02 6.489604712e-02 6.319028138e-02 6.213285962e-02
 6.175530238e-02 6.208312605e-02 6.313532404e-02 6.492397933e-02 6.745419277e-02
 7.072415203e-02 7.472547331e-02 7.944378442e-02 8.485944013e-02 9.094844761e-02
 9.768350235e-02 1.050351449e-01 1.129729133e-01 1.214663479e-01 1.304868609e-01
 1.400037185e-01 1.500110887e-01 1.603694297e-01 1.710449345e-01 1.820001602e-01
 1.931945086e-01 2.045842186e-01 2.161222100e-01 2.277579047e-01 2.394369729e-01
 2.511010691e-01 2.626872882e-01 2.741273865e-01 2.853461727e-01 2.962598652e-01
 3.067737445e-01 3.167806790e-01 3.261612356e-01 3.347873389e-01 3.425302953e-01
 1.976845116e-01 1.932999939e-01 1.898130477e-01 1.863760315e-01 1.825244949e-01
 1.783128418e-01 1.738003306e-01 1.690412052e-01 1.640825905e-01 1.589649171e-01
 1.537232883e-01 1.483890004e-01 1.429909803e-01 1.375578232e-01 1.321687214e-01
 1.268494539e-01 1.216277368e-01 1.165335458e-01 1.115994230e-01 1.068603620e-01
 1.023535728e-01 9.811811149e-02 9.419438615e-02 9.062360224e-02 8.744707142e-02
 8.470553160e-02 8.243831991e-02 8.068263714e-02 7.947275971e-02 7.883935607e-02
 7.880885900e-02 7.940299435e-02 8.063836394e-02 8.252626284e-02 8.507257512e-02
 8.827791174e-02 9.213787128e-02 9.664352427e-02 1.017819345e-01 1.075368654e-01
 1.138895582e-01 1.208194773e-01 1.283059791e-01 1.363246627e-01 1.448730119e-01
 1.538303941e-01 1.631798372e-01 1.728791259e-01 1.828861907e-01 1.931563057e-01
 2.036405728e-01 2.142849676e-01 2.250298001e-01 2.358097248e-01 2.465541437e-01
 2.571882159e-01 2.676342800e-01 2.778134569e-01 2.876470387e-01 2.970576584e-01
 3.059697449e-01 3.143100813e-01 3.220082894e-01 3.289982975e-01 3.352210224e-01
 1.950233989e-01 1.907384657e-01 1.875725016e-01 1.845291220e-01 1.811722479e-01
 1.775340550e-01 1.736488045e-01 1.695524939e-01 1.652805060e-01 1.608664207e-01
 1.563417949e-01 1.517363228e-01 1.470783241e-01 1.423951425e-01 1.377134137e-01
 1.331122294e-01 1.286165528e-01 1.242527105e-01 1.200498286e-01 1.160388477e-01
 1.122522615e-01 1.087237429e-01 1.054877918e-01 1.025792956e-01 1.000330746e-01
 9.788328034e-02 9.616279046e-02 9.490263090e-02 9.413141570e-02 9.387484936e-02
 9.415533769e-02 9.499169144e-02 9.639889564e-02 9.838799949e-02 1.009660661e-01
 1.041362472e-01 1.078980956e-01 1.122480799e-01 1.171798576e-01 1.226846147e-01
 1.287524663e-01 1.353688128e-01 1.425388083e-01 1.501569673e-01 1.582162231e-01
 1.666866616e-01 1.755383797e-01 1.847361028e-01 1.942394525e-01 2.040019743e-01
 2.139698267e-01 2.240805403e-01 2.342620716e-01 2.444325425e-01 2.545013353e-01
 2.643717080e-01 2.739451453e-01 2.831267119e-01 2.918304428e-01 2.999837175e-01
 3.075296133e-01 3.144275769e-01 3.206520528e-01 3.261899277e-01 3.310376480e-01
 1.933668740e-01 1.892296299e-01 1.862202920e-01 1.834637858e-01 1.804725155e-01
 1.772648655e-01 1.738643199e-01 1.702963710e-01 1.665874533e-01 1.627642550e-01
 1.588532739e-01 1.548806504e-01 1.508720517e-01 1.468527019e-01 1.428472325e-01
 1.388793178e-01 1.350265928e-01 1.313064247e-01 1.277476400e-01 1.243776604e-01
 1.212249044e-01 1.183182262e-01 1.156868171e-01 1.133601368e-01 1.113675702e-01
 1.097378787e-01 1.084986180e-01 1.076757573e-01 1.072932277e-01 1.073726006e-01
 1.079329327e-01 1.089907437e-01 1.105600465e-01 1.126522515e-01 1.152760163e-01
 1.184371002e-01 1.221386082e-01 1.263830103e-01 1.311714835e-01 1.364998109e-01
 1.423823014e-01 1.487267316e-01 1.555367783e-01 1.627950892e-01 1.704852209e-01
 1.785868518e-01 1.870758347e-01 1.959230229e-01 2.050929442e-01 2.145419456e-01
 2.242159173e-01 2.340475358e-01 2.439534254e-01 2.538318857e-01 2.635627762e-01
 2.730113045e-01 2.820374965e-01 2.905099690e-01 2.983199358e-01 3.053912223e-01
 3.116848245e-01 3.171986491e-01 3.219626695e-01 3.260293677e-01 3.294606805e-01
 1.923108920e-01 1.883172244e-01 1.854816042e-01 1.829470061e-01 1.802332774e-01
 1.773592979e-01 1.743432656e-01 1.712034903e-01 1.679596640e-01 1.646327302e-01
 1.612445973e-01 1.578177810e-01 1.543752067e-01 1.509401463e-01 1.475362852e-01
 1.441881880e-01 1.409223936e-01 1.377541088e-01 1.347578056e-01 1.319480166e-01
 1.293508783e-01 1.269900240e-01 1.248890832e-01 1.230726242e-01 1.215660572e-01
 1.203939114e-01 1.195794493e-01 1.191444490e-01 1.191089060e-01 1.194906626e-01
 1.203051917e-01 1.215668544e-01 1.232893076e-01 1.254854221e-01 1.281667054e-01
 1.313417703e-01 1.350113600e-01 1.391879916e-01 1.438965574e-01 1.490550675e-01
 1.546765268e-01 1.607539952e-01 1.672824472e-01 1.742546261e-01 1.816615723e-01
 1.894920207e-01 1.977316439e-01 2.063618936e-01 2.153582982e-01 2.246879898e-01
 2.343061604e-01 2.441510632e-01 2.541370690e-01 2.641456724e-01 2.740156651e-01
 2.835395634e-01 2.924800962e-01 3.006134107e-01 3.077726811e-01 3.138657584e-01
 3.188743964e-01 3.228520751e-01 3.259207681e-01 3.282521516e-01 3.300238028e-01
 1.917194128e-01 1.878974959e-01 1.852135361e-01 1.827912479e-01 1.802784577e-01
 1.776713282e-01 1.749707945e-01 1.721862219e-01 1.693316437e-01 1.664238125e-01
 1.634812206e-01 1.605233923e-01 1.575706266e-01 1.546437070e-01 1.517638564e-01
 1.489526592e-01 1.462319084e-01 1.436229795e-01 1.411490962e-01 1.388216652e-01
 1.367148533e-01 1.348372326e-01 1.332035624e-01 1.318333111e-01 1.307535693e-01
 1.299857273e-01 1.295491047e-01 1.294620372e-01 1.297417507e-01 1.304028891e-01
 1.314532012e-01 1.329034753e-01 1.347680874e-01 1.370638199e-01 1.398113817e-01
 1.430406459e-01 1.466819570e-01 1.507576480e-01 1.552783884e-01 1.602401957e-01
 1.656438187e-01 1.714898646e-01 1.777792052e-01 1.845126339e-01 1.916907690e-01
 1.993137784e-01 2.073809579e-01 2.158899493e-01 2.248354182e-01 2.342069559e-01
 2.439856045e-01 2.541384101e-01 2.646091953e-01 2.753023952e-01 2.860495969e-01
 2.965360880e-01 3.062234521e-01 3.145824224e-01 3.213635683e-01 3.264930322e-01
 3.299836442e-01 3.319345191e-01 3.325964064e-01 3.324625120e-01 3.320521712e-01
 1.910940073e-01 1.873857714e-01 1.848891266e-01 1.827014163e-01 1.804225333e-01
 1.780666299e-01 1.756420322e-01 1.731601395e-01 1.706350259e-01 1.680825464e-01
 1.655196883e-01 1.629642062e-01 1.604343057e-01 1.579485684e-01 1.555258371e-01
 1.531851441e-01 1.509457379e-01 1.488270834e-01 1.468491219e-01 1.450322308e-01
 1.434009001e-01 1.419718005e-01 1.407562755e-01 1.397582963e-01 1.390539445e-01
 1.386480033e-01 1.385518461e-01 1.387808062e-01 1.393543593e-01 1.402991153e-01
 1.415803730e-01 1.432035901e-01 1.451891549e-01 1.475529820e-01 1.503080279e-01
 1.534629874e-01 1.570163146e-01 1.609730795e-01 1.653393879e-01 1.701205000e-01
 1.753222831e-01 1.809514761e-01 1.870159357e-01 1.935249381e-01 2.004894316e-01
 2.079224400e-01 2.158393524e-01 2.242581919e-01 2.331996411e-01 2.426866964e-01
 2.527436986e-01 2.633943707e-01 2.746591493e-01 2.865530550e-01 2.990914881e-01
 3.123427779e-01 3.243868500e-01 3.334395662e-01 3.399083912e-01 3.440118805e-01
 3.455649838e-01 3.447655812e-01 3.413504288e-01 3.370558173e-01 3.340392783e-01
 1.905738413e-01 1.869069040e-01 1.846193559e-01 1.826673411e-01 1.806117073e-01
 1.784780621e-01 1.762874350e-01 1.740583479e-01 1.718083024e-01 1.695543416e-01
 1.673132889e-01 1.651018560e-01 1.629366316e-01 1.608341560e-01 1.588109508e-01
 1.568835676e-01 1.550685614e-01 1.533824988e-01 1.518420726e-01 1.504639313e-01
 1.492647678e-01 1.482600756e-01 1.474647895e-01 1.468950361e-01 1.465728432e-01
 1.465137042e-01 1.467306986e-01 1.472360380e-01 1.480410285e-01 1.491548456e-01
 1.505801753e-01 1.523228586e-01 1.543919928e-01 1.567973942e-01 1.595484204e-01
 1.626533680e-01 1.661192440e-01 1.699536406e-01 1.741649359e-01 1.787622981e-01
 1.837560683e-01 1.891581267e-01 1.949824765e-01 2.012457773e-01 2.079682164e-01
 2.151744999e-01 2.228951827e-01 2.311683595e-01 2.400417067e-01 2.495748959e-01
 2.598421797e-01 2.709347308e-01 2.829621881e-01 2.960536107e-01 3.103620261e-01
 3.252212554e-01 3.370792419e-01 3.458001986e-01 3.515101075e-01 3.541049883e-01
 3.537097573e-01 3.499947339e-01 3.435459137e-01 3.380286545e-01 3.337066397e-01
 1.904272959e-01 1.868004091e-01 1.846246309e-01 1.827839948e-01 1.808602512e-01
 1.788775884e-01 1.768583171e-01 1.748234742e-01 1.727923825e-01 1.707827710e-01
 1.688110233e-01 1.668925434e-01 1.650420539e-01 1.632738896e-01 1.616020985e-01
 1.600406207e-01 1.586032212e-01 1.573035270e-01 1.561549567e-01 1.551706381e-01
 1.543633454e-01 1.537454091e-01 1.533288248e-01 1.531255543e-01 1.531477124e-01
 1.534061841e-01 1.539106295e-01 1.546697393e-01 1.556912884e-01 1.569820195e-01
 1.585477143e-01 1.603945009e-01 1.625293680e-01 1.649599708e-01 1.676944681e-01
 1.707413309e-01 1.741094403e-01 1.778084189e-01 1.818488799e-01 1.862426884e-01
 1.910032443e-01 1.961460039e-01 2.016889900e-01 2.076536678e-01 2.140659988e-01
 2.209579982e-01 2.283698172e-01 2.363526262e-01 2.449727617e-01 2.543173507e-01
 2.645018995e-01 2.756798044e-01 2.880509347e-01 3.018582538e-01 3.172686920e-01
 3.310275897e-01 3.417664170e-01 3.493895158e-01 3.537824229e-01 3.549580648e-01
 3.525837437e-01 3.466201201e-01 3.400528952e-01 3.346332088e-01 3.301727995e-01
 1.906367205e-01 1.870284490e-01 1.848119870e-01 1.829968840e-01 1.811207682e-01
 1.792093441e-01 1.772894785e-01 1.753851325e-01 1.735166274e-01 1.717009396e-01
 1.699525118e-01 1.682841293e-01 1.667076312e-01 1.652344614e-01 1.638759002e-01
 1.626431346e-01 1.615472585e-01 1.605990455e-01 1.598088965e-01 1.591866538e-01
 1.587415449e-01 1.584821194e-01 1.584163122e-01 1.585514881e-01 1.588944718e-01
 1.594514064e-01 1.602277271e-01 1.612283215e-01 1.624576002e-01 1.639197394e-01
 1.656189151e-01 1.675597988e-01 1.697478108e-01 1.721893251e-01 1.748917774e-01
 1.778636686e-01 1.811145991e-01 1.846553683e-01 1.884980537e-01 1.926561483e-01
 1.971447133e-01 2.019808032e-01 2.071838789e-01 2.127765417e-01 2.187856324e-01
 2.252435945e-01 2.321906090e-01 2.396776378e-01 2.477709316e-01 2.565590665e-01
 2.661646754e-01 2.767646610e-01 2.886270806e-01 3.021635562e-01 3.166916967e-01
 3.289512694e-01 3.382669836e-01 3.445913494e-01 3.478681892e-01 3.476647362e-01
 3.438413665e-01 3.376815319e-01 3.322590217e-01 3.276670575e-01 3.237680420e-01
 1.910282187e-01 1.873681881e-01 1.851262226e-01 1.832452566e-01 1.813140921e-01
 1.793791764e-01 1.774787381e-01 1.756408401e-01 1.738845147e-01 1.722223125e-01
 1.706630737e-01 1.692141033e-01 1.678825133e-01 1.666759327e-01 1.656026393e-01
 1.646714211e-01 1.638911031e-01 1.632702127e-01 1.628165245e-01 1.625368781e-01
 1.624369770e-01 1.625214070e-01 1.627937369e-01 1.632566825e-01 1.639121882e-01
 1.647615992e-01 1.658057570e-01 1.670451984e-01 1.684803330e-01 1.701117158e-01
 1.719404533e-01 1.739685536e-01 1.761992909e-01 1.786375828e-01 1.812900565e-01
 1.841651611e-01 1.872730590e-01 1.906255297e-01 1.942357719e-01 1.981182582e-01
 2.022887245e-01 2.067641914e-01 2.115632147e-01 2.167062089e-01 2.222160735e-01
 2.281189821e-01 2.344454936e-01 2.412319369e-01 2.485224642e-01 2.563717589e-01
 2.648490071e-01 2.740440294e-01 2.840773836e-01 2.951055020e-01 3.067313880e-01
 3.165984675e-01 3.241154552e-01 3.292675316e-01 3.319375366e-01 3.318931609e-01
 3.289425224e-01 3.249387294e-01 3.213425800e-01 3.181231618e-01 3.152336851e-01
 1.918034740e-01 1.880378015e-01 1.855971664e-01 1.834684499e-01 1.813131794e-01
 1.792241745e-01 1.772561222e-01 1.754331701e-01 1.737608090e-01 1.722361892e-01
 1.708546281e-01 1.696131751e-01 1.685120687e-01 1.675549411e-01 1.667480506e-01
 1.660992764e-01 1.656168587e-01 1.653083824e-01 1.651799455e-01 1.652357131e-01
 1.654777639e-01 1.659062952e-01 1.665198878e-01 1.673160009e-01 1.682912558e-01
 1.694417447e-01 1.707631871e-01 1.722510420e-01 1.739007272e-01 1.757079624e-01
 1.776693240e-01 1.797828339e-01 1.820486784e-01 1.844697260e-01 1.870517768e-01
 1.898036003e-01 1.927365698e-01 1.958641708e-01 1.992013157e-01 2.027638033e-01
 2.065678574e-01 2.106298022e-01 2.149659805e-01 2.195927165e-01 2.245263308e-01
 2.297830992e-01 2.353791259e-01 2.413296923e-01 2.476480044e-01 2.543422579e-01
 2.614094168e-01 2.688219249e-01 2.764985114e-01 2.842477485e-01 2.917061522e-01
 2.983960808e-01 3.039177209e-01 3.080329522e-01 3.106361776e-01 3.117517010e-01
 3.115872070e-01 3.105388507e-01 3.090200946e-01 3.073061332e-01 3.055448607e-01
 1.933246069e-01 1.894976236e-01 1.863690801e-01 1.835063733e-01 1.808060817e-01
 1.783996969e-01 1.763166264e-01 1.745221429e-01 1.729699485e-01 1.716200001e-01
 1.704432070e-01 1.694224291e-01 1.685516014e-01 1.678335480e-01 1.672770195e-01
 1.668935679e-01 1.666947864e-01 1.666901335e-01 1.668855511e-01 1.672827676e-01
 1.678794213e-01 1.686697975e-01 1.696458534e-01 1.707983576e-01 1.721177436e-01
 1.735943742e-01 1.752184704e-01 1.769798808e-01 1.788678467e-01 1.808714047e-01
 1.829801760e-01 1.851858162e-01 1.874835156e-01 1.898731739e-01 1.923600174e-01
 1.949545182e-01 1.976714469e-01 2.005284764e-01 2.035445310e-01 2.067383863e-01
 2.101277039e-01 2.137284838e-01 2.175548263e-01 2.216187381e-01 2.259298749e-01
 2.304950655e-01 2.353174351e-01 2.403949723e-01 2.457181252e-01 2.512658909e-01
 2.569999471e-01 2.628559321e-01 2.687328905e-01 2.744847163e-01 2.799235284e-01
 2.848437503e-01 2.890599742e-01 2.924394682e-01 2.949199080e-01 2.965164184e-01
 2.973195314e-01 2.974760905e-01 2.971531675e-01 2.965025008e-01 2.956429869e-01
 1.949217059e-01 1.909033172e-01 1.868544146e-01 1.827380471e-01 1.787634715e-01
 1.761529669e-01 1.741722263e-01 1.726140306e-01 1.713512465e-01 1.702985317e-01
 1.694017313e-01 1.686342806e-01 1.679931842e-01 1.674925275e-01 1.671556495e-01
 1.670080609e-01 1.670722812e-01 1.673643924e-01 1.678921282e-01 1.686540358e-01
 1.696402132e-01 1.708344966e-01 1.722177230e-01 1.737709455e-01 1.754773036e-01
 1.773221306e-01 1.792917363e-01 1.813712977e-01 1.835431159e-01 1.857861169e-01
 1.880777366e-01 1.903975047e-01 1.927311644e-01 1.950735934e-01 1.974302121e-01
 1.998168230e-01 2.022574805e-01 2.047804929e-01 2.074140534e-01 2.101831920e-01
 2.131085396e-01 2.162063308e-01 2.194887400e-01 2.229640558e-01 2.266366295e-01
 2.305064574e-01 2.345682979e-01 2.388104461e-01 2.432129234e-01 2.477451787e-01
 2.523632198e-01 2.570068613e-01 2.615979090e-01 2.660411149e-01 2.702294513e-01
 2.740546391e-01 2.774203643e-01 2.802550942e-01 2.825212106e-01 2.842185646e-01
 2.853824198e-01 2.860751748e-01 2.863743976e-01 2.863603756e-01 2.861068323e-01
 1.961750164e-01 1.918590032e-01 1.871850379e-01 1.819853149e-01 1.763150841e-01
 1.723364033e-01 1.704549007e-01 1.695872471e-01 1.689296663e-01 1.683799587e-01
 1.678650863e-01 1.673629880e-01 1.669017412e-01 1.665389351e-01 1.663390175e-01
 1.663592010e-01 1.666436531e-01 1.672212780e-01 1.681039334e-01 1.692843736e-01
 1.707361042e-01 1.724188402e-01 1.742892489e-01 1.763115972e-01 1.784620769e-01
 1.807269268e-01 1.830969528e-01 1.855605989e-01 1.880961172e-01 1.906656213e-01
 1.932183504e-01 1.957054324e-01 1.980932467e-01 2.003673203e-01 2.025337033e-01
 2.046213485e-01 2.066803724e-01 2.087684311e-01 2.109340690e-01 2.132111452e-01
 2.156218663e-01 2.181807160e-01 2.208967469e-01 2.237746343e-01 2.268147692e-01
 2.300129309e-01 2.333596721e-01 2.368395403e-01 2.404301688e-01 2.441013046e-01
 2.478140257e-01 2.515203654e-01 2.551638857e-01 2.586815953e-01 2.620075196e-01
 2.650777101e-01 2.678361386e-01 2.702401802e-01 2.722645551e-01 2.739031687e-01
 2.751682774e-01 2.760872468e-01 2.766978741e-01 2.770431488e-01 2.771666199e-01
 1.978118606e-01 1.935162395e-01 1.887576804e-01 1.833202578e-01 1.770410910e-01
 1.718175523e-01 1.682101898e-01 1.663032249e-01 1.661193035e-01 1.663736105e-01
 1.663147919e-01 1.659428067e-01 1.654293947e-01 1.649697274e-01 1.647143252e-01
 1.647636369e-01 1.651851088e-01 1.660248525e-01 1.673080325e-01 1.690269187e-01
 1.711202487e-01 1.734733432e-01 1.759714149e-01 1.785494052e-01 1.811898313e-01
 1.839020699e-01 1.867065243e-01 1.896235794e-01 1.926591806e-01 1.957618221e-01
 1.987637878e-01 2.015306204e-01 2.040150463e-01 2.061955743e-01 2.080640011e-01
 2.096479721e-01 2.110883221e-01 2.125679143e-01 2.141563259e-01 2.158732005e-01
 2.177265808e-01 2.197213173e-01 2.218605392e-01 2.241451219e-01 2.265727110e-01
 2.291369177e-01 2.318267077e-01 2.346259765e-01 2.375132181e-01 2.404614761e-01
 2.434383668e-01 2.464065850e-01 2.493248544e-01 2.521494627e-01 2.548364997e-01
 2.573444173e-01 2.596369982e-01 2.616858184e-01 2.634721920e-01 2.649880424e-01
 2.662356049e-01 2.672262862e-01 2.679784000e-01 2.685149461e-01 2.688611895e-01
 2.000890151e-01 1.962486953e-01 1.920327023e-01 1.873538531e-01 1.821970753e-01
 1.766572520e-01 1.714504287e-01 1.678232774e-01 1.659816206e-01 1.660868563e-01
 1.660155095e-01 1.649899893e-01 1.636274308e-01 1.625706479e-01 1.619570963e-01
 1.618396603e-01 1.622659527e-01 1.632949337e-01 1.650029980e-01 1.674793735e-01
 1.707500704e-01 1.742764786e-01 1.776059754e-01 1.807683371e-01 1.838461347e-01
 1.869227364e-01 1.900789552e-01 1.933985539e-01 1.969810240e-01 2.009527870e-01
 2.046086080e-01 2.077196948e-01 2.103504129e-01 2.124451101e-01 2.139671258e-01
 2.148196921e-01 2.152590677e-01 2.160216831e-01 2.169980780e-01 2.181388251e-01
 2.194239460e-01 2.208481058e-01 2.224117927e-01 2.241157442e-01 2.259577662e-01
 2.279312350e-01 2.300247699e-01 2.322223597e-01 2.345037460e-01 2.368448339e-01
 2.392182350e-01 2.415939569e-01 2.439402677e-01 2.462247796e-01 2.484158352e-01
 2.504839487e-01 2.524032742e-01 2.541529015e-01 2.557178363e-01 2.570894510e-01
 2.582654431e-01 2.592492327e-01 2.600490898e-01 2.606768981e-01 2.611468956e-01
 2.028903663e-01 1.999106109e-01 1.965670996e-01 1.927811801e-01 1.885825656e-01
 1.840930283e-01 1.794836111e-01 1.749326736e-01 1.714102738e-01 1.701742858e-01
 1.689636148e-01 1.665678881e-01 1.638232469e-01 1.620529331e-01 1.610407419e-01
 1.607080214e-01 1.610604524e-01 1.621496156e-01 1.640840694e-01 1.670891531e-01
 1.715966836e-01 1.762228720e-01 1.800619997e-01 1.834792867e-01 1.866938025e-01
 1.898552738e-01 1.930842996e-01 1.964949407e-01 2.002123072e-01 2.043600455e-01
 2.082036398e-01 2.114638835e-01 2.141834051e-01 2.163028307e-01 2.177405357e-01
 2.183649019e-01 2.184759937e-01 2.188343368e-01 2.193480134e-01 2.199725844e-01
 2.207029238e-01 2.215531431e-01 2.225404047e-01 2.236755826e-01 2.249604762e-01
 2.263886184e-01 2.279471457e-01 2.296185680e-01 2.313821465e-01 2.332147583e-01
 2.350916304e-01 2.369869798e-01 2.388746478e-01 2.407287881e-01 2.425247244e-01
 2.442396469e-01 2.458535023e-01 2.473496087e-01 2.487151847e-01 2.499415502e-01
 2.510242015e-01 2.519624606e-01 2.527590692e-01 2.534195036e-01 2.539514079e-01
 0.706655845E+00 0.719785392E+00 0.729432747E+00 0.739897683E+00 0.751429900E+00
 0.763498187E+00 0.776028618E+00 0.789054066E+00 0.802951604E+00 0.816677690E+00
 0.831247568E+00 0.846118406E+00 0.862202525E+00 0.878542527E+00 0.895499259E+00
 0.913241550E+00 0.931633815E+00 0.951083824E+00 0.970995188E+00 0.991821959E+00
 0.101356572E+01 0.103623119E+01 0.105993611E+01 0.108463553E+01 0.111039528E+01
 0.113731760E+01 0.116551143E+01 0.119498700E+01 0.122589803E+01 0.125828004E+01
 0.129212776E+01 0.132771525E+01 0.136514455E+01 0.140449059E+01 0.144595441E+01
 0.148932463E+01 0.153528085E+01 0.158391345E+01 0.163514447E+01 0.168938437E+01
 0.174657205E+01 0.180767769E+01 0.187250316E+01 0.194125870E+01 0.201448208E+01
 0.209283900E+01 0.217688215E+01 0.226630038E+01 0.236264133E+01 0.246655190E+01
 0.257847410E+01 0.269906217E+01 0.283081520E+01 0.297349948E+01 0.312918127E+01
 0.330047256E+01 0.348818409E+01 0.369609588E+01 0.392706490E+01 0.418445408E+01
 0.447466195E+01 0.480222452E+01 0.517527127E+01 0.559890199E+01 0.609902680E+01
   89   88
 0.101840696E+01 0.500000007E-01 0.102520016E+01 0.150000006E+00 0.103069046E+01
 0.200000003E+00 0.104560611E+01 0.300000012E+00 0.105483890E+01 0.349999994E+00
 0.107504269E+01 0.449999988E+00 0.108578503E+01 0.500000000E+00 0.110562503E+01
 0.588719502E+00 0.112097788E+01 0.649999976E+00 0.113531831E+01 0.699999988E+00
 0.115875006E+01 0.767648801E+00 0.118531251E+01 0.826688141E+00 0.121187496E+01
 0.873631537E+00 0.123843753E+01 0.911871627E+00 0.127156147E+01 0.949999988E+00
 0.131812501E+01 0.992104128E+00 0.134468746E+01 0.101061216E+01 0.139781249E+01
 0.103716105E+01 0.144079137E+01 0.104999995E+01 0.147749996E+01 0.105722073E+01
 0.153062499E+01 0.105970734E+01 0.158375001E+01 0.105451974E+01 0.161070994E+01
 0.104909739E+01 0.166343749E+01 0.103512716E+01 0.171656251E+01 0.101466224E+01
 0.174582610E+01 0.100000000E+01 0.179624999E+01 0.971971124E+00 0.182818159E+01
 0.949999988E+00 0.187593746E+01 0.914495394E+00 0.190250003E+01 0.891773090E+00
 0.194673705E+01 0.850000024E+00 0.198218751E+01 0.813790321E+00 0.200874996E+01
 0.783549175E+00 0.203567344E+01 0.750000000E+00 0.207159793E+01 0.699999988E+00
 0.210295999E+01 0.649999976E+00 0.213024652E+01 0.600000024E+00 0.215409899E+01
 0.550000012E+00 0.217520994E+01 0.500000000E+00 0.219468760E+01 0.448518366E+00
 0.222125006E+01 0.370443337E+00 0.224258375E+01 0.300000012E+00 0.225620437E+01
 0.250000000E+00 0.227437496E+01 0.166013934E+00 0.228394252E+01 0.100000001E+00
 0.228604716E+01 0.000000000E+00 0.227437496E+01-0.897398573E-01 0.226080722E+01
-0.150000006E+00 0.224600714E+01-0.200000003E+00 0.222125006E+01-0.270863049E+00
 0.219468760E+01-0.337781869E+00 0.216812491E+01-0.398240097E+00 0.214330709E+01
-0.449999988E+00 0.211678421E+01-0.500000000E+00 0.208843756E+01-0.547873601E+00
 0.206187510E+01-0.588620320E+00 0.203531241E+01-0.625545993E+00 0.200874996E+01
-0.658871368E+00 0.197194806E+01-0.699999988E+00 0.192906249E+01-0.743369877E+00
 0.190250003E+01-0.767697901E+00 0.186200100E+01-0.800000012E+00 0.182281256E+01
-0.829077125E+00 0.178855509E+01-0.850000024E+00 0.174312496E+01-0.875720441E+00
 0.169000006E+01-0.898169279E+00 0.166343749E+01-0.907788888E+00 0.161031246E+01
-0.921520233E+00 0.155718756E+01-0.928154707E+00 0.150406253E+01-0.927814201E+00
 0.145093751E+01-0.919944182E+00 0.139781249E+01-0.903125972E+00 0.137125003E+01
-0.891418204E+00 0.131812501E+01-0.859970197E+00 0.129156256E+01-0.839474738E+00
 0.125019839E+01-0.800000012E+00 0.121187496E+01-0.754886344E+00 0.118531251E+01
-0.716974869E+00 0.115875006E+01-0.672217935E+00 0.113218749E+01-0.619215697E+00
 0.110562503E+01-0.555302307E+00 0.108648968E+01-0.500000000E+00 0.107170367E+01
-0.449999988E+00 0.105250001E+01-0.368236393E+00 0.104023591E+01-0.300000012E+00
 0.102763537E+01-0.200000003E+00 0.102305242E+01-0.150000006E+00 0.101777163E+01
-0.500000007E-01 0.101840696E+01 0.500000007E-01
 0.101730001E+01 0.000000000E+00 0.101932001E+01 0.111591995E+01 0.101127005E+01
 0.116271996E+01 0.100224996E+01 0.121238995E+01 0.102639997E+01 0.121238995E+01
 0.103497005E+01 0.116392004E+01 0.103842998E+01 0.116235995E+01 0.106122005E+01
 0.116356003E+01 0.109895003E+01 0.116589999E+01 0.113813996E+01 0.116823995E+01
 0.116191995E+01 0.117446005E+01 0.119008005E+01 0.118699002E+01 0.121012998E+01
 0.120185006E+01 0.123081994E+01 0.122499001E+01 0.123939002E+01 0.123863995E+01
 0.126108003E+01 0.128634000E+01 0.128076005E+01 0.133403003E+01 0.128076005E+01
 0.134810996E+01 0.133062005E+01 0.134810996E+01 0.141947997E+01 0.134748995E+01
 0.141947997E+01 0.131036997E+01 0.137993002E+01 0.131093001E+01 0.137410998E+01
 0.130689001E+01 0.136740994E+01 0.126408994E+01 0.136789000E+01 0.122646999E+01
 0.137232995E+01 0.119475996E+01 0.138840997E+01 0.116448998E+01 0.140222001E+01
 0.115728998E+01 0.141559005E+01 0.115646994E+01 0.142587996E+01 0.116276002E+01
 0.144700003E+01 0.118200004E+01 0.148800004E+01 0.121899998E+01 0.149600005E+01
 0.122800004E+01 0.149109995E+01 0.121349001E+01 0.149501002E+01 0.116171002E+01
 0.147765005E+01 0.112226999E+01 0.148169005E+01 0.111591995E+01 0.149105000E+01
 0.111275005E+01 0.152942002E+01 0.110483003E+01 0.160203004E+01 0.109308004E+01
 0.164134002E+01 0.107020998E+01 0.164687002E+01 0.107845998E+01 0.178340006E+01
 0.107209003E+01 0.204518008E+01 0.103909004E+01 0.205605006E+01 0.104322004E+01
 0.210643005E+01 0.999729991E+00 0.208569002E+01 0.869265974E+00 0.222220993E+01
 0.519111991E+00 0.224294996E+01 0.448630989E+00 0.230183005E+01 0.280676991E+00
 0.231151009E+01 0.279680014E+00 0.233364010E+01 0.219329998E+00 0.234012008E+01
 0.219872996E+00 0.234645009E+01 0.198669001E+00 0.234827995E+01 0.632878989E-01
 0.235109997E+01 0.420836993E-01 0.234827995E+01-0.254776001E+00 0.234645009E+01
-0.272718012E+00 0.234461999E+01-0.410818011E+00 0.235109997E+01-0.420603991E+00
 0.223979998E+01-0.684297979E+00 0.222333002E+01-0.684297979E+00 0.221052003E+01
-0.714201987E+00 0.221318007E+01-0.732686996E+00 0.220670009E+01-0.753892004E+00
 0.220021009E+01-0.735949993E+00 0.218756008E+01-0.771290004E+00 0.219388008E+01
-0.789776027E+00 0.213232994E+01-0.945818007E+00 0.178394997E+01-0.115894997E+01
 0.174519002E+01-0.123995996E+01 0.174687004E+01-0.124047995E+01 0.174579000E+01
-0.124380004E+01 0.164520001E+01-0.124479997E+01 0.140117002E+01-0.124477005E+01
 0.138558996E+01-0.124820995E+01 0.137489998E+01-0.125832999E+01 0.136953998E+01
-0.126941001E+01 0.136824000E+01-0.127555001E+01 0.136860001E+01-0.132246995E+01
 0.137256002E+01-0.132470000E+01 0.142770004E+01-0.132470000E+01 0.142770004E+01
-0.135782003E+01 0.116450000E+01-0.135894001E+01 0.101627004E+01-0.121800005E+01
 0.101750004E+01-0.121700001E+01 0.101730001E+01-0.100000005E-02 0.101730001E+01
 0.000000000E+00
    0 0.169550002E+01    0
 0.000000000E+00 0.767604876E-01 0.109191082E+00 0.134433303E+00 0.155921493E+00
 0.175079942E+00 0.192623217E+00 0.208974566E+00 0.223260362E+00 0.238055810E+00
 0.252107382E+00 0.265748799E+00 0.278968386E+00 0.291852400E+00 0.304342881E+00
 0.316558674E+00 0.328648940E+00 0.340492919E+00 0.352179669E+00 0.363714412E+00
 0.375130989E+00 0.386484504E+00 0.397716425E+00 0.408936597E+00 0.420079954E+00
 0.431174681E+00 0.442286439E+00 0.453380212E+00 0.464482360E+00 0.475621693E+00
 0.486751139E+00 0.497958377E+00 0.509213567E+00 0.520528629E+00 0.531958804E+00
 0.543398082E+00 0.554995507E+00 0.566716269E+00 0.578532532E+00 0.590511456E+00
 0.602585986E+00 0.614894912E+00 0.627363503E+00 0.640012085E+00 0.652869076E+00
 0.665960476E+00 0.679344743E+00 0.692924827E+00 0.706830367E+00 0.721062765E+00
 0.735633686E+00 0.750522405E+00 0.765889421E+00 0.781638041E+00 0.797859937E+00
 0.814640909E+00 0.831944615E+00 0.849900424E+00 0.868541613E+00 0.887913182E+00
 0.908185482E+00 0.929374352E+00 0.951646745E+00 0.975124866E+00 0.100000000E+01
    0
