  EFIT     03/20/2023    #196073  2840ms  EFIT01   0  65  65
 0.170000005E+01 0.320000005E+01 0.169550002E+01 0.839999974E+00 0.000000000E+00
 0.169645262E+01 0.519867204E-01-0.227776364E+00 0.139409080E+00-0.200896692E+01
 0.108238512E+07-0.227776364E+00 0.000000000E+00 0.169645262E+01 0.000000000E+00
 0.519867204E-01 0.000000000E+00 0.139409080E+00 0.000000000E+00 0.000000000E+00
-0.361865163E+01-0.360878348E+01-0.359921098E+01-0.358993125E+01-0.358094096E+01
-0.357223701E+01-0.356381583E+01-0.355567431E+01-0.354780865E+01-0.354021549E+01
-0.353289080E+01-0.352583122E+01-0.351903224E+01-0.351249051E+01-0.350620151E+01
-0.350016141E+01-0.349436569E+01-0.348881030E+01-0.348349047E+01-0.347840190E+01
-0.347354031E+01-0.346890068E+01-0.346447849E+01-0.346026897E+01-0.345626736E+01
-0.345246887E+01-0.344886827E+01-0.344546080E+01-0.344224119E+01-0.343920469E+01
-0.343634605E+01-0.343366003E+01-0.343114138E+01-0.342878485E+01-0.342658496E+01
-0.342453670E+01-0.342263460E+01-0.342087293E+01-0.341924667E+01-0.341775036E+01
-0.341637826E+01-0.341512489E+01-0.341398478E+01-0.341295242E+01-0.341202211E+01
-0.341118860E+01-0.341044593E+01-0.340978861E+01-0.340921092E+01-0.340870738E+01
-0.340827250E+01-0.340790033E+01-0.340758538E+01-0.340732193E+01-0.340710425E+01
-0.340692687E+01-0.340678406E+01-0.340666986E+01-0.340657902E+01-0.340650582E+01
-0.340644431E+01-0.340638900E+01-0.340633416E+01-0.340627408E+01-0.340620327E+01
-0.223940509E+04-0.200030414E+04-0.176768323E+04-0.154154178E+04-0.132187988E+04
-0.110869769E+04-0.901995361E+03-0.701772675E+03-0.508029602E+03-0.320766388E+03
-0.139982849E+03 0.343211365E+02 0.202145538E+03 0.363490112E+03 0.518354980E+03
 0.666740143E+03 0.808645752E+03 0.944071476E+03 0.107301773E+04 0.119548418E+04
 0.131147093E+04 0.142097803E+04 0.152400538E+04 0.162055309E+04 0.171062123E+04
 0.179420948E+04 0.187131811E+04 0.194194714E+04 0.200609644E+04 0.206376611E+04
 0.211495605E+04 0.215966626E+04 0.219789673E+04 0.222964770E+04 0.225491870E+04
 0.227371021E+04 0.228602198E+04 0.229185425E+04 0.229120654E+04 0.228407935E+04
 0.227047241E+04 0.225038575E+04 0.222381957E+04 0.219077342E+04 0.215124782E+04
 0.210524245E+04 0.205275732E+04 0.199379261E+04 0.192834814E+04 0.185642409E+04
 0.177802026E+04 0.169313672E+04 0.160177354E+04 0.150393078E+04 0.139960816E+04
 0.128880591E+04 0.117152404E+04 0.104776245E+04 0.917521122E+03 0.780800179E+03
 0.637599491E+03 0.487919155E+03 0.331759121E+03 0.169119399E+03 0.000000000E+00
-0.631760978E+01-0.611349822E+01-0.591275548E+01-0.571538163E+01-0.552137661E+01
-0.533074093E+01-0.514347363E+01-0.495957518E+01-0.477904606E+01-0.460188532E+01
-0.442809343E+01-0.425767088E+01-0.409061718E+01-0.392693186E+01-0.376661586E+01
-0.360966849E+01-0.345609022E+01-0.330588079E+01-0.315904021E+01-0.301556849E+01
-0.287546563E+01-0.273873162E+01-0.260536647E+01-0.247537017E+01-0.234874296E+01
-0.222548437E+01-0.210559487E+01-0.198907423E+01-0.187592244E+01-0.176613951E+01
-0.165972543E+01-0.155668032E+01-0.145700407E+01-0.136069667E+01-0.126775813E+01
-0.117818844E+01-0.109198773E+01-0.100915587E+01-0.929692805E+00-0.853598714E+00
-0.780873477E+00-0.711517096E+00-0.645529628E+00-0.582911074E+00-0.523661316E+00
-0.467780501E+00-0.415268540E+00-0.366125465E+00-0.320351273E+00-0.277945965E+00
-0.238909527E+00-0.203241974E+00-0.170943304E+00-0.142013520E+00-0.116452612E+00
-0.942605813E-01-0.754374338E-01-0.599831673E-01-0.478977786E-01-0.391812735E-01
-0.338336489E-01-0.318549013E-01-0.332450382E-01-0.380040520E-01-0.461319499E-01
 0.422397002E+05 0.411102964E+05 0.399808950E+05 0.388514922E+05 0.377220908E+05
 0.365926870E+05 0.354632856E+05 0.343338828E+05 0.332044839E+05 0.320750801E+05
 0.309456797E+05 0.298162771E+05 0.286868745E+05 0.275574741E+05 0.264280728E+05
 0.252986702E+05 0.241692676E+05 0.230398672E+05 0.219104646E+05 0.207810620E+05
 0.196516604E+05 0.185222603E+05 0.173928577E+05 0.162634556E+05 0.151340535E+05
 0.140046521E+05 0.128752500E+05 0.117458491E+05 0.106164465E+05 0.948704504E+04
 0.835764246E+04 0.722824097E+04 0.609883923E+04 0.496943750E+04 0.384003577E+04
 0.271063367E+04 0.158123193E+04 0.451830200E+03-0.677571716E+03-0.180697375E+04
-0.293637506E+04-0.406577704E+04-0.519517877E+04-0.632458051E+04-0.745398248E+04
-0.858338470E+04-0.971278613E+04-0.108421885E+05-0.119715898E+05-0.131009912E+05
-0.142303936E+05-0.153597949E+05-0.164891973E+05-0.176185995E+05-0.187480001E+05
-0.198774024E+05-0.210068048E+05-0.221362069E+05-0.232656074E+05-0.243950098E+05
-0.255244124E+05-0.266538126E+05-0.277832146E+05-0.289126174E+05-0.300420194E+05
 2.095295191e-01 2.073525638e-01 2.049061357e-01 2.021166683e-01 1.990129055e-01
 1.957097648e-01 1.923679262e-01 1.891530455e-01 1.869826615e-01 1.867845207e-01
 1.866721362e-01 1.858855485e-01 1.848363578e-01 1.842246057e-01 1.839508861e-01
 1.839789003e-01 1.843062342e-01 1.849510820e-01 1.859634070e-01 1.874494852e-01
 1.896160244e-01 1.918193251e-01 1.935735196e-01 1.950579284e-01 1.963761895e-01
 1.975913047e-01 1.987412571e-01 1.998427958e-01 2.008887231e-01 2.018488050e-01
 2.030535786e-01 2.045976369e-01 2.064169050e-01 2.084872723e-01 2.107712029e-01
 2.132616638e-01 2.158039957e-01 2.180519104e-01 2.200690358e-01 2.219197750e-01
 2.236705573e-01 2.253842653e-01 2.271125317e-01 2.288913281e-01 2.307409345e-01
 2.326687725e-01 2.346726209e-01 2.367433311e-01 2.388667912e-01 2.410252542e-01
 2.431982757e-01 2.453636228e-01 2.474979014e-01 2.495774179e-01 2.515790164e-01
 2.534808815e-01 2.552634777e-01 2.569102942e-01 2.584084273e-01 2.597489656e-01
 2.609271110e-01 2.619420887e-01 2.627966105e-01 2.634964586e-01 2.640497088e-01
 2.065817713e-01 2.035976351e-01 2.003593594e-01 1.967927217e-01 1.928885281e-01
 1.887299122e-01 1.849816442e-01 1.825969070e-01 1.817873419e-01 1.826182158e-01
 1.833001226e-01 1.833338291e-01 1.830783189e-01 1.828838736e-01 1.828438341e-01
 1.829967648e-01 1.833721846e-01 1.840013711e-01 1.849216968e-01 1.861749291e-01
 1.877709479e-01 1.894584894e-01 1.910099090e-01 1.924299896e-01 1.937499940e-01
 1.949969679e-01 1.961877345e-01 1.973254979e-01 1.983940750e-01 1.993606240e-01
 2.005410789e-01 2.020401061e-01 2.038150133e-01 2.058562191e-01 2.081602664e-01
 2.107499838e-01 2.134780289e-01 2.160216718e-01 2.184347959e-01 2.207634895e-01
 2.230482101e-01 2.253249587e-01 2.276239097e-01 2.299678625e-01 2.323714345e-01
 2.348411082e-01 2.373759447e-01 2.399683743e-01 2.426050754e-01 2.452677488e-01
 2.479338198e-01 2.505772114e-01 2.531693577e-01 2.556801438e-01 2.580794395e-01
 2.603384556e-01 2.624313534e-01 2.643367351e-01 2.660386562e-01 2.675274014e-01
 2.687996327e-01 2.698580921e-01 2.707106174e-01 2.713693083e-01 2.718489468e-01
 2.038683743e-01 2.004399448e-01 1.966986954e-01 1.924606861e-01 1.876468064e-01
 1.838344933e-01 1.813900323e-01 1.803756057e-01 1.808405222e-01 1.816066801e-01
 1.821382344e-01 1.824179738e-01 1.825445741e-01 1.826298087e-01 1.827603579e-01
 1.829948425e-01 1.833726467e-01 1.839203983e-01 1.846529244e-01 1.855681091e-01
 1.866373420e-01 1.878055632e-01 1.890161187e-01 1.902348698e-01 1.914495976e-01
 1.926599144e-01 1.938698292e-01 1.950840206e-01 1.963086277e-01 1.975700856e-01
 1.989765615e-01 2.005975098e-01 2.024422586e-01 2.045104950e-01 2.067994475e-01
 2.092972099e-01 2.119226009e-01 2.145666779e-01 2.172134371e-01 2.198721619e-01
 2.225580664e-01 2.252875566e-01 2.280757577e-01 2.309346794e-01 2.338718922e-01
 2.368897945e-01 2.399850338e-01 2.431483566e-01 2.463643402e-01 2.496115119e-01
 2.528623641e-01 2.560837566e-01 2.592379154e-01 2.622835337e-01 2.651780546e-01
 2.678801714e-01 2.703526317e-01 2.725650371e-01 2.744961381e-01 2.761350573e-01
 2.774815857e-01 2.785452604e-01 2.793434858e-01 2.798993291e-01 2.802389860e-01
 2.014442980e-01 1.979324967e-01 1.942291707e-01 1.901879013e-01 1.859092116e-01
 1.831628530e-01 1.821369230e-01 1.819063127e-01 1.818664969e-01 1.819206476e-01
 1.819962114e-01 1.820589007e-01 1.821116061e-01 1.821797787e-01 1.822961718e-01
 1.824915707e-01 1.827907265e-01 1.832107603e-01 1.837601662e-01 1.844378710e-01
 1.852332651e-01 1.861288101e-01 1.871053727e-01 1.881476491e-01 1.892466844e-01
 1.904000194e-01 1.916107386e-01 1.928873061e-01 1.942448915e-01 1.957073658e-01
 1.973049640e-01 1.990648210e-01 2.010037900e-01 2.031279952e-01 2.054337562e-01
 2.079066933e-01 2.105226665e-01 2.132561058e-01 2.160903811e-01 2.190195769e-01
 2.220450938e-01 2.251720726e-01 2.284067719e-01 2.317545712e-01 2.352185398e-01
 2.387981416e-01 2.424882054e-01 2.462779284e-01 2.501497567e-01 2.540784775e-01
 2.580302656e-01 2.619619966e-01 2.658216358e-01 2.695494593e-01 2.730810047e-01
 2.763518691e-01 2.793032228e-01 2.818877100e-01 2.840740980e-01 2.858501376e-01
 2.872226535e-01 2.882152797e-01 2.888640465e-01 2.892123759e-01 2.893058062e-01
 1.989812254e-01 1.956200749e-01 1.924510450e-01 1.893995553e-01 1.866199671e-01
 1.849929394e-01 1.838855593e-01 1.831243486e-01 1.825975179e-01 1.822275370e-01
 1.819615812e-01 1.817681938e-01 1.816341431e-01 1.815598010e-01 1.815538108e-01
 1.816283167e-01 1.817954332e-01 1.820650697e-01 1.824434994e-01 1.829329283e-01
 1.835317017e-01 1.842355429e-01 1.850391625e-01 1.859382391e-01 1.869306712e-01
 1.880174876e-01 1.892031133e-01 1.904954166e-01 1.919056921e-01 1.934479475e-01
 1.951373814e-01 1.969879718e-01 1.990103124e-01 2.012103499e-01 2.035890222e-01
 2.061427683e-01 2.088650017e-01 2.117484361e-01 2.147875727e-01 2.179799526e-01
 2.213261276e-01 2.248289436e-01 2.284922748e-01 2.323199659e-01 2.363145353e-01
 2.404760272e-01 2.448007466e-01 2.492796629e-01 2.538965940e-01 2.586258055e-01
 2.634293138e-01 2.682538034e-01 2.730284036e-01 2.776641846e-01 2.820578516e-01
 2.861002683e-01 2.896892427e-01 2.927429377e-01 2.952106894e-01 2.970789968e-01
 2.983715237e-01 2.991431952e-01 2.994692624e-01 2.994324267e-01 2.991119920e-01
 1.955454051e-01 1.919912993e-01 1.899661868e-01 1.883752198e-01 1.868364663e-01
 1.855015904e-01 1.843986660e-01 1.835003792e-01 1.827688218e-01 1.821698397e-01
 1.816770434e-01 1.812726557e-01 1.809472142e-01 1.806981563e-01 1.805280001e-01
 1.804423184e-01 1.804480106e-01 1.805518122e-01 1.807594748e-01 1.810752898e-01
 1.815020441e-01 1.820415111e-01 1.826949865e-01 1.834640802e-01 1.843513996e-01
 1.853609234e-01 1.864983736e-01 1.877711714e-01 1.891882867e-01 1.907596887e-01
 1.924956292e-01 1.944057643e-01 1.964983194e-01 1.987795085e-01 2.012533695e-01
 2.039220779e-01 2.067865283e-01 2.098472415e-01 2.131052463e-01 2.165627480e-01
 2.202233076e-01 2.240918576e-01 2.281742393e-01 2.324767560e-01 2.370054424e-01
 2.417652608e-01 2.467589825e-01 2.519856395e-01 2.574382424e-01 2.631003261e-01
 2.689406574e-01 2.749054134e-01 2.809082569e-01 2.868199050e-01 2.924659252e-01
 2.976425886e-01 3.021516203e-01 3.058370948e-01 3.086085914e-01 3.104519843e-01
 3.114314079e-01 3.116775750e-01 3.113569616e-01 3.106332720e-01 3.096418678e-01
 1.928139925e-01 1.891626717e-01 1.876859815e-01 1.869004668e-01 1.859790087e-01
 1.850208043e-01 1.840908826e-01 1.832213252e-01 1.824242919e-01 1.817021072e-01
 1.810535042e-01 1.804771722e-01 1.799733192e-01 1.795442701e-01 1.791943162e-01
 1.789291800e-01 1.787554323e-01 1.786798536e-01 1.787090899e-01 1.788492650e-01
 1.791059971e-01 1.794845164e-01 1.799898593e-01 1.806272118e-01 1.814021469e-01
 1.823209078e-01 1.833904685e-01 1.846185772e-01 1.860136241e-01 1.875843853e-01
 1.893396674e-01 1.912879646e-01 1.934371293e-01 1.957941054e-01 1.983649879e-01
 2.011550665e-01 2.041692138e-01 2.074122279e-01 2.108893842e-01 2.146067173e-01
 2.185713946e-01 2.227918506e-01 2.272778749e-01 2.320405841e-01 2.370923609e-01
 2.424466759e-01 2.481177748e-01 2.541200816e-01 2.604669629e-01 2.671684026e-01
 2.742259799e-01 2.816226779e-01 2.893009185e-01 2.971172332e-01 3.047745525e-01
 3.118171096e-01 3.177937568e-01 3.224040270e-01 3.254942597e-01 3.270354866e-01
 3.271595538e-01 3.262033166e-01 3.246029019e-01 3.226968647e-01 3.206800820e-01
 1.912018657e-01 1.875531973e-01 1.863191129e-01 1.857810467e-01 1.850899457e-01
 1.843006909e-01 1.834580004e-01 1.825969667e-01 1.817431300e-01 1.809145809e-01
 1.801244915e-01 1.793830992e-01 1.786992102e-01 1.780811697e-01 1.775372178e-01
 1.770757585e-01 1.767052709e-01 1.764342338e-01 1.762710064e-01 1.762236953e-01
 1.763002277e-01 1.765083520e-01 1.768556684e-01 1.773498357e-01 1.779986619e-01
 1.788101494e-01 1.797926129e-01 1.809546202e-01 1.823049189e-01 1.838523747e-01
 1.856057494e-01 1.875736117e-01 1.897642017e-01 1.921853424e-01 1.948445140e-01
 1.977489589e-01 2.009058595e-01 2.043226658e-01 2.080074101e-01 2.119690031e-01
 2.162176518e-01 2.207651734e-01 2.256253957e-01 2.308146060e-01 2.363520860e-01
 2.422607989e-01 2.485682517e-01 2.553077935e-01 2.625201345e-01 2.702556551e-01
 2.785775365e-01 2.875663340e-01 2.973273695e-01 3.080002666e-01 3.196151553e-01
 3.303265870e-01 3.386851550e-01 3.446548880e-01 3.481556177e-01 3.490007520e-01
 3.469108045e-01 3.427021504e-01 3.386460244e-01 3.349630832e-01 3.316092492e-01
 1.904941798e-01 1.868703811e-01 1.856271923e-01 1.851241739e-01 1.844616085e-01
 1.836733967e-01 1.827943772e-01 1.818570346e-01 1.808896660e-01 1.799159645e-01
 1.789555849e-01 1.780250669e-01 1.771387012e-01 1.763093026e-01 1.755487174e-01
 1.748681813e-01 1.742785722e-01 1.737904848e-01 1.734142899e-01 1.731601508e-01
 1.730380655e-01 1.730578988e-01 1.732293815e-01 1.735622139e-01 1.740660369e-01
 1.747505069e-01 1.756252646e-01 1.766999663e-01 1.779841780e-01 1.794873774e-01
 1.812188625e-01 1.831877230e-01 1.854027807e-01 1.878726186e-01 1.906056553e-01
 1.936102806e-01 1.968949884e-01 2.004687191e-01 2.043410391e-01 2.085225433e-01
 2.130252867e-01 2.178632469e-01 2.230528594e-01 2.286138536e-01 2.345702052e-01
 2.409514041e-01 2.477943749e-01 2.551460565e-01 2.630672455e-01 2.716386914e-01
 2.809705735e-01 2.912189364e-01 3.026154936e-01 3.155177831e-01 3.301418423e-01
 3.434857427e-01 3.538621664e-01 3.612418770e-01 3.655405046e-01 3.664275706e-01
 3.636951745e-01 3.575119674e-01 3.512935936e-01 3.459464015e-01 3.413489163e-01
 1.905112566e-01 1.868912877e-01 1.855650694e-01 1.849769353e-01 1.842047422e-01
 1.832806467e-01 1.822432728e-01 1.811278463e-01 1.799648999e-01 1.787804068e-01
 1.775965244e-01 1.764324011e-01 1.753048898e-01 1.742292643e-01 1.732196660e-01
 1.722894757e-01 1.714515387e-01 1.707183867e-01 1.701022981e-01 1.696153581e-01
 1.692695169e-01 1.690766067e-01 1.690483243e-01 1.691961884e-01 1.695316137e-01
 1.700658351e-01 1.708098949e-01 1.717746407e-01 1.729706824e-01 1.744083315e-01
 1.760976017e-01 1.780481935e-01 1.802694501e-01 1.827704757e-01 1.855601817e-01
 1.886474193e-01 1.920411735e-01 1.957508028e-01 1.997862457e-01 2.041584401e-01
 2.088796647e-01 2.139641046e-01 2.194284052e-01 2.252925485e-01 2.315809131e-01
 2.383236290e-01 2.455585749e-01 2.533339559e-01 2.617120743e-01 2.707744539e-01
 2.806291283e-01 2.914198936e-01 3.033370971e-01 3.166227639e-01 3.315471709e-01
 3.465408087e-01 3.584656715e-01 3.671432138e-01 3.725673556e-01 3.746968209e-01
 3.732308149e-01 3.681321741e-01 3.605567812e-01 3.541208209e-01 3.487511278e-01
 1.912266910e-01 1.875730156e-01 1.862353086e-01 1.854402124e-01 1.843976082e-01
 1.831856669e-01 1.818580479e-01 1.804542244e-01 1.790046246e-01 1.775339992e-01
 1.760634631e-01 1.746116280e-01 1.731954812e-01 1.718308329e-01 1.705327480e-01
 1.693157704e-01 1.681941152e-01 1.671818496e-01 1.662929208e-01 1.655412167e-01
 1.649405212e-01 1.645046322e-01 1.642471253e-01 1.641814560e-01 1.643207669e-01
 1.646779181e-01 1.652654262e-01 1.660954356e-01 1.671796888e-01 1.685294508e-01
 1.701554954e-01 1.720680744e-01 1.742768883e-01 1.767912209e-01 1.796199830e-01
 1.827719061e-01 1.862556636e-01 1.900801061e-01 1.942544131e-01 1.987884640e-01
 2.036931068e-01 2.089806498e-01 2.146652789e-01 2.207638024e-01 2.272963674e-01
 2.342874705e-01 2.417673023e-01 2.497732936e-01 2.583521605e-01 2.675623595e-01
 2.774768771e-01 2.881860732e-01 2.997998892e-01 3.124493361e-01 3.262891175e-01
 3.414323032e-01 3.544938266e-01 3.642863631e-01 3.708710073e-01 3.742763697e-01
 3.746085465e-01 3.715423941e-01 3.650771381e-01 3.583032191e-01 3.529047667e-01
 1.933158189e-01 1.898259670e-01 1.880254894e-01 1.866330503e-01 1.850453020e-01
 1.833554208e-01 1.816001387e-01 1.798027456e-01 1.779819428e-01 1.761545241e-01
 1.743363143e-01 1.725427062e-01 1.707887501e-01 1.690894366e-01 1.674596966e-01
 1.659145505e-01 1.644690781e-01 1.631385834e-01 1.619384735e-01 1.608843504e-01
 1.599919647e-01 1.592771263e-01 1.587556155e-01 1.584428996e-01 1.583540140e-01
 1.585035324e-01 1.589055212e-01 1.595735253e-01 1.605205535e-01 1.617589294e-01
 1.633002757e-01 1.651553065e-01 1.673338710e-01 1.698449700e-01 1.726970075e-01
 1.758980304e-01 1.794557720e-01 1.833777129e-01 1.876713782e-01 1.923443823e-01
 1.974047869e-01 2.028612941e-01 2.087235450e-01 2.150025218e-01 2.217108010e-01
 2.288630455e-01 2.364763618e-01 2.445705830e-01 2.531685234e-01 2.622958124e-01
 2.719802262e-01 2.822501065e-01 2.931320071e-01 3.046477736e-01 3.168157339e-01
 3.296768963e-01 3.425910174e-01 3.524407446e-01 3.595719337e-01 3.641701041e-01
 3.661526442e-01 3.657257258e-01 3.625951709e-01 3.573793470e-01 3.532761037e-01
 1.963761450e-01 1.933340132e-01 1.906152219e-01 1.881660671e-01 1.858477891e-01
 1.835756302e-01 1.813177468e-01 1.790647061e-01 1.768172682e-01 1.745815724e-01
 1.723669170e-01 1.701845675e-01 1.680472047e-01 1.659685224e-01 1.639630200e-01
 1.620459111e-01 1.602330209e-01 1.585407406e-01 1.569859980e-01 1.555861682e-01
 1.543590425e-01 1.533229501e-01 1.524967252e-01 1.518982648e-01 1.515446006e-01
 1.514519899e-01 1.516360938e-01 1.521120070e-01 1.528942286e-01 1.539964676e-01
 1.554314941e-01 1.572106780e-01 1.593436898e-01 1.618381887e-01 1.647015362e-01
 1.679407358e-01 1.715621650e-01 1.755714266e-01 1.799735875e-01 1.847732960e-01
 1.899748594e-01 1.955823898e-01 2.015998363e-01 2.080310880e-01 2.148799002e-01
 2.221497447e-01 2.298434228e-01 2.379624696e-01 2.465060353e-01 2.554689646e-01
 2.648389041e-01 2.745915353e-01 2.846827210e-01 2.950351238e-01 3.055121602e-01
 3.158608675e-01 3.256106078e-01 3.341574966e-01 3.411336839e-01 3.464127182e-01
 3.499795794e-01 3.519007564e-01 3.523657621e-01 3.517917396e-01 3.507656456e-01
 1.981129794e-01 1.950728298e-01 1.920622438e-01 1.891461015e-01 1.863200368e-01
 1.835514903e-01 1.808176339e-01 1.781062782e-01 1.754135937e-01 1.727416515e-01
 1.700966656e-01 1.674878597e-01 1.649266034e-01 1.624260396e-01 1.600006372e-01
 1.576660724e-01 1.554390191e-01 1.533371508e-01 1.513789892e-01 1.495839654e-01
 1.479715110e-01 1.465624869e-01 1.453836710e-01 1.444554479e-01 1.437960566e-01
 1.434229166e-01 1.433531046e-01 1.436033845e-01 1.441901475e-01 1.451292633e-01
 1.464358121e-01 1.481233538e-01 1.502017974e-01 1.526716949e-01 1.555394084e-01
 1.588119417e-01 1.624946892e-01 1.665906160e-01 1.711018829e-01 1.760297269e-01
 1.813743860e-01 1.871349962e-01 1.933096946e-01 1.998953669e-01 2.068873943e-01
 2.142791302e-01 2.220612169e-01 2.302204369e-01 2.387381495e-01 2.475879936e-01
 2.567326427e-01 2.661191822e-01 2.756727637e-01 2.852879465e-01 2.948184013e-01
 3.040693403e-01 3.128047287e-01 3.207830191e-01 3.278068305e-01 3.337527214e-01
 3.385751843e-01 3.423038124e-01 3.450416027e-01 3.469538986e-01 3.482319714e-01
 1.990836113e-01 1.959468723e-01 1.927362680e-01 1.895207911e-01 1.863286794e-01
 1.831543298e-01 1.799926460e-01 1.768412740e-01 1.737013459e-01 1.705773175e-01
 1.674765496e-01 1.644088626e-01 1.613861322e-01 1.584220527e-01 1.555318087e-01
 1.527319996e-01 1.500404626e-01 1.474763751e-01 1.450599433e-01 1.428156346e-01
 1.407594234e-01 1.388992817e-01 1.373130381e-01 1.360086499e-01 1.350003928e-01
 1.343052983e-01 1.339415908e-01 1.339279264e-01 1.342830211e-01 1.350258739e-01
 1.361764371e-01 1.377575547e-01 1.397997289e-01 1.422420740e-01 1.451087892e-01
 1.484147310e-01 1.521670371e-01 1.563603879e-01 1.609940976e-01 1.660667359e-01
 1.715741457e-01 1.775106788e-01 1.838690491e-01 1.906401067e-01 1.978124231e-01
 2.053717076e-01 2.132999600e-01 2.215744556e-01 2.301663159e-01 2.390386610e-01
 2.481443285e-01 2.574231624e-01 2.667990029e-01 2.761770188e-01 2.854426205e-01
 2.944633960e-01 3.030969202e-01 3.112036884e-01 3.186623157e-01 3.253820239e-01
 3.313094974e-01 3.364307286e-01 3.407678007e-01 3.443710207e-01 3.473062218e-01
 1.996586620e-01 1.963853686e-01 1.929677874e-01 1.894806327e-01 1.859594733e-01
 1.824101211e-01 1.788384915e-01 1.752511710e-01 1.716557889e-01 1.680613457e-01
 1.644782572e-01 1.609184743e-01 1.573955120e-01 1.539244502e-01 1.505218894e-01
 1.472058296e-01 1.439949721e-01 1.409109532e-01 1.379646659e-01 1.352304070e-01
 1.327181756e-01 1.304466428e-01 1.284440308e-01 1.267342417e-01 1.253399850e-01
 1.242836490e-01 1.235873252e-01 1.232725978e-01 1.233602612e-01 1.238700822e-01
 1.248204559e-01 1.262277514e-01 1.281045229e-01 1.304543466e-01 1.332884579e-01
 1.366233677e-01 1.404845567e-01 1.447973101e-01 1.495774090e-01 1.548277735e-01
 1.605352761e-01 1.666899027e-01 1.732797027e-01 1.802909226e-01 1.877072155e-01
 1.955092996e-01 2.036741227e-01 2.121741771e-01 2.209765016e-01 2.300414890e-01
 2.393215596e-01 2.487599253e-01 2.582895159e-01 2.678323387e-01 2.773003281e-01
 2.865971923e-01 2.956226170e-01 3.042774500e-01 3.124696313e-01 3.201195300e-01
 3.271632194e-01 3.335542977e-01 3.392632903e-01 3.442757428e-01 3.485891522e-01
 2.000520229e-01 1.966178567e-01 1.929744930e-01 1.892009378e-01 1.853379755e-01
 1.814004778e-01 1.774033756e-01 1.733608395e-01 1.692862659e-01 1.651928424e-01
 1.610939652e-01 1.570037605e-01 1.529373972e-01 1.489115208e-01 1.449447720e-01
 1.410590262e-01 1.372659950e-01 1.336378156e-01 1.301873475e-01 1.269405633e-01
 1.239221542e-01 1.211581752e-01 1.186764687e-01 1.165050716e-01 1.146717742e-01
 1.132038757e-01 1.121278331e-01 1.114689559e-01 1.112509593e-01 1.114955842e-01
 1.122221724e-01 1.134471669e-01 1.151837558e-01 1.174417288e-01 1.202293187e-01
 1.235529632e-01 1.274157464e-01 1.318123786e-01 1.367487460e-01 1.422428639e-01
 1.482039690e-01 1.546360253e-01 1.615219266e-01 1.688455194e-01 1.765873729e-01
 1.847253292e-01 1.932340264e-01 2.020844967e-01 2.112436593e-01 2.206736804e-01
 2.303311974e-01 2.401667984e-01 2.501244246e-01 2.601413429e-01 2.701484561e-01
 2.800711095e-01 2.898305655e-01 2.993457316e-01 3.085347711e-01 3.173167109e-01
 3.256125451e-01 3.333460987e-01 3.404450715e-01 3.468426467e-01 3.524801732e-01
 2.004567086e-01 1.968535483e-01 1.929568202e-01 1.888482870e-01 1.845904590e-01
 1.802151352e-01 1.757480948e-01 1.712097675e-01 1.666171699e-01 1.619856655e-01
 1.573300660e-01 1.526653767e-01 1.480071843e-01 1.433717609e-01 1.387758405e-01
 1.342919766e-01 1.299326420e-01 1.257234961e-01 1.216902063e-01 1.178609132e-01
 1.142654716e-01 1.109352409e-01 1.079028173e-01 1.052014007e-01 1.028642207e-01
 1.009239927e-01 9.941235936e-02 9.835930169e-02 9.779261041e-02 9.773734224e-02
 9.821534908e-02 9.924485540e-02 1.008402184e-01 1.030118839e-01 1.057666167e-01
 1.091075613e-01 1.130343676e-01 1.175434962e-01 1.226304993e-01 1.282894610e-01
 1.345090569e-01 1.412970423e-01 1.485527903e-01 1.562728137e-01 1.644323916e-01
 1.730081887e-01 1.819738002e-01 1.913005709e-01 2.009576111e-01 2.109112145e-01
 2.211245744e-01 2.315571755e-01 2.421645373e-01 2.528978288e-01 2.637036741e-01
 2.745237349e-01 2.852943836e-01 2.959459425e-01 3.064014316e-01 3.165749908e-01
 3.263700903e-01 3.356780708e-01 3.443787992e-01 3.523440360e-01 3.594457209e-01
 2.011718453e-01 1.974244417e-01 1.931727828e-01 1.885880380e-01 1.838172822e-01
 1.789172591e-01 1.739150435e-01 1.688282192e-01 1.636711805e-01 1.584574877e-01
 1.532009095e-01 1.479160487e-01 1.426185818e-01 1.373254060e-01 1.321079285e-01
 1.269844472e-01 1.219764128e-01 1.171098575e-01 1.124142260e-01 1.079220175e-01
 1.036682950e-01 9.969019890e-02 9.602642810e-02 9.271658218e-02 8.980046207e-02
 8.731734008e-02 8.530519169e-02 8.379992854e-02 8.283466107e-02 8.243900549e-02
 8.263847989e-02 8.345397562e-02 8.490148181e-02 8.699183899e-02 8.973082900e-02
 9.311932314e-02 9.715358919e-02 1.018259005e-01 1.071252822e-01 1.130381524e-01
 1.195489167e-01 1.266417353e-01 1.342971326e-01 1.425174027e-01 1.511919944e-01
 1.603122948e-01 1.698476225e-01 1.797700824e-01 1.900522859e-01 2.006664128e-01
 2.115836143e-01 2.227736266e-01 2.342044563e-01 2.458419801e-01 2.576492727e-01
 2.695855498e-01 2.816046180e-01 2.936520873e-01 3.056617082e-01 3.175497948e-01
 3.292082846e-01 3.404965402e-01 3.512349725e-01 3.612052798e-01 3.701641858e-01
 2.025399952e-01 1.988156736e-01 1.937906443e-01 1.884097158e-01 1.829902977e-01
 1.774908303e-01 1.719014644e-01 1.662229448e-01 1.604608445e-01 1.546237766e-01
 1.487228274e-01 1.427713037e-01 1.367845684e-01 1.308311670e-01 1.249284000e-01
 1.190977544e-01 1.133649872e-01 1.077601908e-01 1.023175418e-01 9.707498539e-02
 9.207375336e-02 8.735778939e-02 8.297313738e-02 7.896710926e-02 7.538746292e-02
 7.228145015e-02 6.969484698e-02 6.767094135e-02 6.624959409e-02 6.546631444e-02
 6.535144162e-02 6.592950964e-02 6.721875060e-02 6.923083967e-02 7.197082794e-02
 7.543733728e-02 7.962298382e-02 8.451503515e-02 9.009619814e-02 9.634566307e-02
 1.032401696e-01 1.107553168e-01 1.188666894e-01 1.275520175e-01 1.367876976e-01
 1.465753168e-01 1.567918956e-01 1.674178988e-01 1.784332692e-01 1.898180842e-01
 2.015527487e-01 2.136182487e-01 2.259964346e-01 2.386699169e-01 2.516215740e-01
 2.648335694e-01 2.782855035e-01 2.919512690e-01 3.057938814e-01 3.197569548e-01
 3.337510526e-01 3.476321994e-01 3.611702324e-01 3.740135431e-01 3.856857718e-01
 2.031244337e-01 1.992348284e-01 1.938312949e-01 1.879176199e-01 1.819325088e-01
 1.758566052e-01 1.696776598e-01 1.633912324e-01 1.569985895e-01 1.505051256e-01
 1.439197510e-01 1.372552811e-01 1.305772365e-01 1.239001155e-01 1.172434090e-01
 1.106316074e-01 1.040943414e-01 9.766632318e-02 9.138719738e-02 8.530121297e-02
 7.945677650e-02 7.390581811e-02 6.870300323e-02 6.390483666e-02 5.956858408e-02
 5.575113004e-02 5.250771722e-02 4.989070818e-02 4.794831213e-02 4.672341433e-02
 4.625251511e-02 4.656484711e-02 4.768171522e-02 4.961609090e-02 5.237252649e-02
 5.594732251e-02 6.032905367e-02 6.549932808e-02 7.143387187e-02 7.810380316e-02
 8.547709894e-02 9.352029121e-02 1.022002847e-01 1.114863679e-01 1.213524042e-01
 1.317805798e-01 1.427608131e-01 1.541734337e-01 1.660032870e-01 1.782380044e-01
 1.908659041e-01 2.038785069e-01 2.172717602e-01 2.310464232e-01 2.452083976e-01
 2.597686351e-01 2.747426032e-01 2.901491523e-01 3.060077132e-01 3.223330379e-01
 3.391245903e-01 3.563454747e-01 3.738735615e-01 3.913547694e-01 4.077703059e-01
 2.033028752e-01 1.991993488e-01 1.934024246e-01 1.870746611e-01 1.806109249e-01
 1.740050017e-01 1.672541349e-01 1.603581758e-01 1.533196568e-01 1.461431234e-01
 1.388337314e-01 1.314592063e-01 1.240313650e-01 1.165664195e-01 1.090859548e-01
 1.016173734e-01 9.419416625e-02 8.685592556e-02 7.964827126e-02 7.262251514e-02
 6.583519268e-02 5.934735772e-02 5.322369561e-02 4.753143707e-02 4.233905661e-02
 3.771487245e-02 3.372548526e-02 3.043417825e-02 2.789933240e-02 2.617289126e-02
 2.529898460e-02 2.531275532e-02 2.623947163e-02 2.809397510e-02 3.088048467e-02
 3.459279984e-02 3.921488300e-02 4.472184175e-02 5.108121783e-02 5.825458828e-02
 6.619942928e-02 7.487114519e-02 8.422524482e-02 9.421966219e-02 1.048170851e-01
 1.159874201e-01 1.277099252e-01 1.399760097e-01 1.526762099e-01 1.658137143e-01
 1.793754994e-01 1.933598667e-01 2.077751309e-01 2.226395755e-01 2.379821836e-01
 2.538440524e-01 2.702804505e-01 2.873633503e-01 3.051849006e-01 3.238617182e-01
 3.435417117e-01 3.644154966e-01 3.867416381e-01 4.109055399e-01 4.359465242e-01
 2.031854391e-01 1.988332122e-01 1.927777381e-01 1.860644818e-01 1.791454552e-01
 1.720241607e-01 1.647048889e-01 1.571930945e-01 1.494955272e-01 1.416208892e-01
 1.335817426e-01 1.254410744e-01 1.172059624e-01 1.088915021e-01 1.005201564e-01
 9.212172782e-02 8.373340231e-02 7.539980108e-02 6.717288488e-02 5.911165470e-02
 5.128165707e-02 4.375421628e-02 3.660539538e-02 2.991473675e-02 2.376371052e-02
 1.823398110e-02 1.340550929e-02 9.354541136e-03 6.151593174e-03 3.859505057e-03
 2.531654376e-03 2.210431441e-03 2.926060297e-03 4.695830226e-03 7.523799373e-03
 1.140098460e-02 1.630605763e-02 2.220650762e-02 2.906023519e-02 3.681750584e-02
 4.542319855e-02 5.481923756e-02 6.494716543e-02 7.575072360e-02 8.717833459e-02
 9.918548912e-02 1.117365732e-01 1.248061882e-01 1.383787691e-01 1.524779200e-01
 1.669921427e-01 1.819313765e-01 1.973171681e-01 2.131830602e-01 2.295765877e-01
 2.465625853e-01 2.642275692e-01 2.826859056e-01 3.020882905e-01 3.226336837e-01
 3.445868789e-01 3.683045806e-01 3.942773044e-01 4.232081472e-01 4.535333812e-01
 2.031524033e-01 1.985568405e-01 1.921928526e-01 1.850849836e-01 1.776988209e-01
 1.700463443e-01 1.621392072e-01 1.539881378e-01 1.456019433e-01 1.369870157e-01
 1.282060742e-01 1.192669794e-01 1.101810113e-01 1.009654180e-01 9.164465952e-02
 8.225122845e-02 7.282613224e-02 6.341914821e-02 5.408890545e-02 4.490261531e-02
 3.593562177e-02 2.727054240e-02 1.899613446e-02 1.120579708e-02 3.995769017e-03
-2.536979911e-03-8.297069988e-03-1.319318649e-02-1.714060444e-02-2.006364794e-02
-2.189796779e-02-2.259249991e-02-2.211101912e-02-2.043316321e-02-1.755487721e-02
-1.348824159e-02-8.260659932e-03-1.913473825e-03 5.499975174e-03 1.391671685e-02
 2.326686314e-02 3.347655013e-02 4.447099182e-02 5.617754918e-02 6.852872670e-02
 8.146502834e-02 9.493771940e-02 1.089114919e-01 1.233674586e-01 1.383072286e-01
 1.537511795e-01 1.695822479e-01 1.858347357e-01 2.025509478e-01 2.197865696e-01
 2.376156002e-01 2.561360000e-01 2.754769623e-01 2.958089112e-01 3.173572124e-01
 3.404206930e-01 3.653952480e-01 3.927989005e-01 4.232846795e-01 4.560399352e-01
 2.035035492e-01 1.986927688e-01 1.918913424e-01 1.843491643e-01 1.764470489e-01
 1.682145743e-01 1.596777439e-01 1.508541853e-01 1.417560577e-01 1.323946267e-01
 1.228256077e-01 1.130492016e-01 1.030734928e-01 9.291468572e-02 8.259768784e-02
 7.215687633e-02 6.163660815e-02 5.109165981e-02 4.058738047e-02 3.019953700e-02
 2.001383912e-02 1.012507832e-02 6.358441315e-04-8.345182112e-03-1.670534356e-02
-2.433050796e-02-3.110786906e-02-3.692897409e-02-4.169283056e-02-4.530898115e-02
-4.770036048e-02-4.880578438e-02-4.858194652e-02-4.700476688e-02-4.407002765e-02
-3.979322675e-02-3.420864430e-02-2.736768138e-02-1.933655149e-02-1.019340096e-02
-2.506130841e-05 1.107648481e-02 2.301773068e-02 3.570727259e-02 4.905933526e-02
 6.299712503e-02 7.745607191e-02 9.238701314e-02 1.077595800e-01 1.235661582e-01
 1.398270427e-01 1.564402581e-01 1.734236628e-01 1.908098906e-01 2.086465061e-01
 2.269982100e-01 2.459504604e-01 2.656146288e-01 2.861355841e-01 3.077024819e-01
 3.305649160e-01 3.550582231e-01 3.816441892e-01 4.109730124e-01 4.425070584e-01
 2.042666823e-01 1.992337407e-01 1.922166197e-01 1.841117294e-01 1.755468695e-01
 1.666346638e-01 1.574044227e-01 1.478643270e-01 1.380136012e-01 1.279060096e-01
 1.175372825e-01 1.069070548e-01 9.602171194e-02 8.489619190e-02 7.355524611e-02
 6.203446537e-02 5.038107943e-02 3.865453234e-02 2.692677465e-02 1.528223231e-02
 3.817347577e-03-7.360304706e-03-1.813342056e-02-2.837689023e-02-3.796023875e-02
-4.675056046e-02-5.461584777e-02-6.142864382e-02-6.706979882e-02-7.143227756e-02
-7.442464679e-02-7.597422588e-02-7.602959877e-02-7.456234092e-02-7.156787819e-02
-6.706541032e-02-6.109680224e-02-5.372467643e-02-4.502960667e-02-3.510671860e-02
-2.406179730e-02-1.200711739e-02 9.428249323e-04 1.467549906e-02 2.908433782e-02
 4.407243064e-02 5.955588073e-02 7.546677446e-02 9.175581473e-02 1.083944888e-01
 1.253765226e-01 1.427176147e-01 1.603270172e-01 1.782276632e-01 1.964523495e-01
 2.150449305e-01 2.340614497e-01 2.535713314e-01 2.736591995e-01 2.944268584e-01
 3.159962596e-01 3.385145365e-01 3.621685207e-01 3.872489929e-01 4.137262404e-01
 2.066524179e-01 2.018274070e-01 1.936280282e-01 1.843647211e-01 1.749454885e-01
 1.652826519e-01 1.553358585e-01 1.450809837e-01 1.344996541e-01 1.236328408e-01
 1.124627144e-01 1.009807066e-01 8.918800205e-02 7.709640265e-02 6.472931069e-02
 5.212274566e-02 3.932619089e-02 2.640331344e-02 1.343239273e-02 5.063822027e-04
-1.226746762e-02-2.476851823e-02-3.686424333e-02-4.841237131e-02-5.926364282e-02
-6.926520175e-02-7.826451201e-02-8.611364663e-02-9.267380083e-02-9.781987953e-02
-1.014447287e-01-1.034630165e-01-1.038143113e-01-1.024652721e-01-9.941077972e-02
-9.467390174e-02-8.830466133e-02-8.037778741e-02-7.098939281e-02-6.025301304e-02
-4.829495767e-02-3.524947533e-02-2.125378692e-02-6.443300284e-03 9.052871726e-03
 2.511592390e-02 4.164084420e-02 5.853931233e-02 7.574201364e-02 9.320037824e-02
 1.108878033e-01 1.288005412e-01 1.469589025e-01 1.652634741e-01 1.837280989e-01
 2.023726403e-01 2.212195248e-01 2.402908356e-01 2.596041858e-01 2.791657745e-01
 2.989575564e-01 3.189122974e-01 3.388612272e-01 3.584194779e-01 3.767959476e-01
 2.079692632e-01 2.030424029e-01 1.942417175e-01 1.843696237e-01 1.743099689e-01
 1.640061288e-01 1.534149944e-01 1.425021141e-01 1.312388330e-01 1.196527704e-01
 1.077178047e-01 9.541875130e-02 8.275193733e-02 6.972589332e-02 5.636240920e-02
 4.269753763e-02 2.878261160e-02 1.468511386e-02 4.892583238e-04-1.370380248e-02
-2.777625993e-02-4.159454623e-02-5.501089629e-02-6.786569959e-02-7.999056584e-02
-9.121218335e-02-1.013568043e-01-1.102552339e-01-1.177481561e-01-1.236914843e-01
-1.279614865e-01-1.304593979e-01-1.311151534e-01-1.298900545e-01-1.267782450e-01
-1.218066812e-01-1.150338352e-01-1.065469905e-01-9.645850211e-02-8.490106463e-02
-7.202237088e-02-5.797952047e-02-4.293331126e-02-2.704280993e-02-1.046035253e-02
 6.672828400e-03 2.423028095e-02 4.210326087e-02 6.020288169e-02 7.846158004e-02
 9.683385497e-02 1.152963861e-01 1.338472367e-01 1.525035053e-01 1.711344571e-01
 1.897480787e-01 2.083426417e-01 2.269055397e-01 2.454087586e-01 2.638009191e-01
 2.819951177e-01 2.998513283e-01 3.171535433e-01 3.335893154e-01 3.487535418e-01
 2.082846909e-01 2.031646819e-01 1.942817123e-01 1.840464026e-01 1.735456587e-01
 1.627516598e-01 1.516314745e-01 1.401539297e-01 1.282921882e-01 1.160624324e-01
 1.034330056e-01 9.038438642e-02 7.690948260e-02 6.301444757e-02 4.871980479e-02
 3.406170016e-02 1.909312408e-02 3.885001119e-03-1.147301117e-02-2.687212831e-02
-4.218459490e-02-5.726452533e-02-7.194951916e-02-8.606313914e-02-9.941834217e-02
-1.118216811e-01-1.230784282e-01-1.329982579e-01-1.414013057e-01-1.481244713e-01
-1.530272515e-01-1.559972466e-01-1.569545270e-01-1.558548660e-01-1.526914388e-01
-1.474949866e-01-1.403322817e-01-1.313031315e-01-1.205359848e-01-1.081826240e-01
-9.441201400e-02-7.940389949e-02-6.334237015e-02-4.640976351e-02-2.878112713e-02
-1.061944279e-02 7.928285806e-03 2.673404675e-02 4.569095385e-02 6.471458817e-02
 8.374372858e-02 1.027406825e-01 1.216918082e-01 1.406091601e-01 1.593654006e-01
 1.779402645e-01 1.963108182e-01 2.144443095e-01 2.322926520e-01 2.497869284e-01
 2.668313683e-01 2.832973897e-01 2.990199029e-01 3.137994410e-01 3.274144828e-01
 2.085044385e-01 2.032315434e-01 1.940908731e-01 1.835841237e-01 1.727628559e-01
 1.615974606e-01 1.500551254e-01 1.381009818e-01 1.257564126e-01 1.129851043e-01
 9.975776088e-02 8.605467528e-02 7.186768204e-02 5.720182124e-02 4.207700858e-02
 2.652968658e-02 1.061436260e-02-5.595001800e-03-2.200394496e-02-3.849689662e-02
-5.493717256e-02-7.116772974e-02-8.701280504e-02-1.022805126e-01-1.167664900e-01
-1.302585752e-01-1.425423771e-01-1.534076781e-01-1.626552044e-01-1.701037140e-01
-1.755967735e-01-1.790088563e-01-1.802505254e-01-1.792720854e-01-1.760656832e-01
-1.706654130e-01-1.631458253e-01-1.536183805e-01-1.422267557e-01-1.291405855e-01
-1.145488174e-01-9.865237039e-02-8.165705937e-02-6.376682967e-02-4.517767194e-02
-2.607247990e-02-6.616885366e-03 1.304381253e-02 3.278671938e-02 5.251244467e-02
 7.214531314e-02 9.163280582e-02 1.109440179e-01 1.300666780e-01 1.490008979e-01
 1.675977259e-01 1.858379691e-01 2.036873550e-01 2.210968733e-01 2.380015851e-01
 2.543192506e-01 2.699498831e-01 2.847774326e-01 2.986743153e-01 3.115099670e-01
 2.086200713e-01 2.032164783e-01 1.938267351e-01 1.831400990e-01 1.721065789e-01
 1.606831698e-01 1.488347053e-01 1.365281345e-01 1.237880288e-01 1.105741783e-01
 9.685558092e-02 8.261135960e-02 6.783229118e-02 5.252257374e-02 3.670170536e-02
 2.040640637e-02 3.692444414e-03-1.336374308e-02-3.066373616e-02-4.808632657e-02
-6.548734754e-02-8.270034200e-02-9.953814757e-02-1.157956570e-01-1.312535851e-01
-1.456835418e-01-1.588540376e-01-1.705373971e-01-1.805173305e-01-1.885965912e-01
-1.946045754e-01-1.984041036e-01-1.998971847e-01-1.990291628e-01-1.957910210e-01
-1.902197599e-01-1.823965163e-01-1.724429727e-01-1.605159044e-01-1.468006074e-01
-1.315033287e-01-1.148434057e-01-9.704542160e-02-7.833191002e-02-5.891679227e-02
-3.899985552e-02-1.876239287e-02 1.635979628e-03 2.205936803e-02 4.239659378e-02
 6.256129587e-02 8.249137545e-02 1.021479667e-01 1.215146780e-01 1.405981331e-01
 1.592595279e-01 1.774646789e-01 1.951762289e-01 2.123484910e-01 2.289255710e-01
 2.448409647e-01 2.600187063e-01 2.743756771e-01 2.878257334e-01 3.002850115e-01
 2.083803415e-01 2.028120159e-01 1.935329735e-01 1.828371286e-01 1.717259437e-01
 1.601558328e-01 1.481033414e-01 1.355456860e-01 1.225122437e-01 1.089652182e-01
 9.487422567e-02 8.021816605e-02 6.498729443e-02 4.918524239e-02 3.283121448e-02
 1.596210536e-02-1.365438395e-03-1.907317335e-02-3.705976170e-02-5.519978696e-02
-7.334344089e-02-9.131710231e-02-1.089248955e-01-1.259514987e-01-1.421660930e-01
-1.573276222e-01-1.711912007e-01-1.835155042e-01-1.940707264e-01-2.026470004e-01
-2.090623975e-01-2.131704392e-01-2.148662063e-01-2.140909432e-01-2.108346075e-01
-2.051362246e-01-1.970820428e-01-1.868015976e-01-1.744618863e-01-1.602603496e-01
-1.444167048e-01-1.271645724e-01-1.087430493e-01-8.938901877e-02-6.933011871e-02
-4.877898842e-02-2.792869706e-02-6.949483824e-03 1.401326142e-02 3.483989078e-02
 5.543639523e-02 7.573343825e-02 9.568468470e-02 1.152642594e-01 1.344630272e-01
 1.532819568e-01 1.715558470e-01 1.892621220e-01 2.063654662e-01 2.228201628e-01
 2.385719568e-01 2.535602151e-01 2.677205205e-01 2.809882461e-01 2.933023870e-01
 2.080927641e-01 2.022264897e-01 1.934168339e-01 1.829843224e-01 1.718625278e-01
 1.601942778e-01 1.479999424e-01 1.352701037e-01 1.220385508e-01 1.082689016e-01
 9.393099707e-02 7.900345320e-02 6.347601104e-02 4.735186324e-02 3.064990218e-02
 1.340703492e-02-4.319639003e-03-2.245084749e-02-4.088351870e-02-5.948966747e-02
-7.811599976e-02-9.658441687e-02-1.146935522e-01-1.322215946e-01-1.489303558e-01
-1.645706296e-01-1.788889023e-01-1.916349232e-01-2.025701255e-01-2.114763112e-01
-2.181641011e-01-2.224808038e-01-2.243168353e-01-2.236105950e-01-2.203511593e-01
-2.145787178e-01-2.063826321e-01-1.958973258e-01-1.832963079e-01-1.687846779e-01
-1.525907217e-01-1.349571050e-01-1.161321476e-01-9.636172664e-02-7.588206988e-02
-5.491375184e-02-3.365700331e-02-1.228838688e-02 9.041248937e-03 3.020762833e-02
 5.111290881e-02 7.168471068e-02 9.187457711e-02 1.116560027e-01 1.310224980e-01
 1.499862223e-01 1.683777273e-01 1.861728578e-01 2.033380718e-01 2.198310642e-01
 2.356021851e-01 2.505963743e-01 2.647557260e-01 2.780226767e-01 2.903434337e-01
 2.100345196e-01 2.044660003e-01 1.949696988e-01 1.840515137e-01 1.727191061e-01
 1.609151363e-01 1.486083866e-01 1.357719301e-01 1.224330589e-01 1.085518971e-01
 9.409648186e-02 7.904443151e-02 6.338484574e-02 4.712045932e-02 3.026987438e-02
 1.286982925e-02-5.022567289e-03-2.332782740e-02-4.194240633e-02-6.073753902e-02
-7.955881202e-02-9.822660673e-02-1.165376677e-01-1.342678816e-01-1.511763930e-01
-1.670110076e-01-1.815150082e-01-1.944347619e-01-2.055283485e-01-2.145743371e-01
-2.213803974e-01-2.257913053e-01-2.276954800e-01-2.270300390e-01-2.237834185e-01
-2.179959861e-01-2.097579687e-01-1.992053837e-01-1.865138562e-01-1.718911231e-01
-1.555683612e-01-1.377913506e-01-1.188115255e-01-9.887779516e-02-7.822917413e-02
-5.708872166e-02-3.565876925e-02-1.411754260e-02 7.382897194e-03 2.871753834e-02
 4.978828138e-02 7.052298624e-02 9.087396419e-02 1.108160838e-01 1.303448676e-01
 1.494746952e-01 1.680373402e-01 1.860082746e-01 2.033531369e-01 2.200280727e-01
 2.359808832e-01 2.511527836e-01 2.654810251e-01 2.789022924e-01 2.913568317e-01
 2.115555852e-01 2.060699464e-01 1.965699344e-01 1.855499745e-01 1.741240323e-01
 1.622558683e-01 1.499092280e-01 1.370501815e-01 1.237030178e-01 1.098254247e-01
 9.538441885e-02 8.035719395e-02 6.473269302e-02 4.851353180e-02 3.171815717e-02
 1.438305253e-02-3.435092862e-03-2.165739425e-02-4.018112645e-02-5.887858564e-02
-7.759667194e-02-9.615734225e-02-1.143591850e-01-1.319801509e-01-1.487816273e-01
-1.645138710e-01-1.789225937e-01-1.917566807e-01-2.027765660e-01-2.117629199e-01
-2.185252755e-01-2.229097636e-01-2.248057423e-01-2.241506276e-01-2.209326326e-01
-2.151912599e-01-2.070153205e-01-1.965389102e-01-1.839353143e-01-1.694095136e-01
-1.531897931e-01-1.355187596e-01-1.166446806e-01-9.681320930e-02-7.626018662e-02
-5.520549795e-02-3.384836012e-02-1.236389845e-02 9.098947048e-03 3.041834006e-02
 5.149943376e-02 7.227343321e-02 9.269598138e-02 1.127451658e-01 1.324193628e-01
 1.517356635e-01 1.705242247e-01 1.887606382e-01 2.064082175e-01 2.234176993e-01
 2.397277058e-01 2.552663089e-01 2.699536384e-01 2.837060989e-01 2.964420618e-01
 2.133110761e-01 2.079540492e-01 1.983129084e-01 1.873331965e-01 1.759488583e-01
 1.641282141e-01 1.518426388e-01 1.390611678e-01 1.258089693e-01 1.120493634e-01
 9.775180370e-02 8.289474988e-02 6.746789074e-02 5.147425819e-02 3.493233770e-02
 1.787826983e-02 3.678907524e-04-1.752135169e-02-3.568884730e-02-5.400978040e-02
-7.233476627e-02-9.049035603e-02-1.082805992e-01-1.254897414e-01-1.418862343e-01
-1.572279483e-01-1.712685970e-01-1.837651582e-01-1.944859177e-01-2.032189223e-01
-2.097800820e-01-2.140207438e-01-2.158339621e-01-2.151590884e-01-2.119844706e-01
-2.063478081e-01-1.983343660e-01-1.880729645e-01-1.757302732e-01-1.615034938e-01
-1.456123142e-01-1.282902955e-01-1.097764448e-01-9.030720592e-02-7.010943443e-02
-4.939444375e-02-2.835327393e-02-7.153291604e-03 1.406397205e-02 3.518385428e-02
 5.611855537e-02 7.680628437e-02 9.720955056e-02 1.173125802e-01 1.371172667e-01
 1.566359400e-01 1.757052392e-01 1.943054794e-01 2.123985439e-01 2.299278973e-01
 2.468179016e-01 2.629738153e-01 2.782836854e-01 2.926231922e-01 3.058643640e-01
 2.148128747e-01 2.095782906e-01 2.002676427e-01 1.894234121e-01 1.781676410e-01
 1.664842368e-01 1.543545426e-01 1.417596637e-01 1.286812573e-01 1.151397228e-01
 1.011031716e-01 8.655032527e-02 7.147149736e-02 5.587018654e-02 3.976492590e-02
 2.319124708e-02 6.203615572e-03-1.112283475e-02-2.869089687e-02-4.638038197e-02
-6.404785818e-02-8.152725542e-02-9.863138199e-02-1.151546239e-01-1.308767349e-01
-1.455678791e-01-1.589946150e-01-1.709269733e-01-1.811460108e-01-1.894516052e-01
-1.956701429e-01-1.996615081e-01-2.013248355e-01-2.006028889e-01-1.974844785e-01
-1.920047254e-01-1.842434704e-01-1.743214576e-01-1.623949707e-01-1.486490966e-01
-1.332900375e-01-1.165371091e-01-9.861474490e-02-7.974494249e-02-6.014051649e-02
-3.999935451e-02-1.949981239e-02 1.202733198e-03 2.197815484e-02 4.272285855e-02
 6.336015457e-02 8.383994550e-02 1.041379944e-01 1.242553369e-01 1.442189663e-01
 1.639049650e-01 1.832946689e-01 2.023631483e-01 2.210706324e-01 2.393558919e-01
 2.571297289e-01 2.742689251e-01 2.906126083e-01 3.059643210e-01 3.201047182e-01
 2.166762204e-01 2.116204650e-01 2.024945914e-01 1.918344497e-01 1.807626188e-01
 1.692703516e-01 1.573501377e-01 1.449927092e-01 1.321842372e-01 1.189593374e-01
 1.052915230e-01 9.116275614e-02 7.656524342e-02 6.150331732e-02 4.599547765e-02
 3.007629333e-02 1.379821729e-02-2.766852034e-03-1.952634758e-02-3.636629495e-02
-5.315121642e-02-6.972477579e-02-8.591135591e-02-1.015186234e-01-1.163411587e-01
-1.301651300e-01-1.427738965e-01-1.539544910e-01-1.635045111e-01-1.712393015e-01
-1.769988238e-01-1.806540638e-01-1.821122169e-01-1.813205333e-01-1.782685071e-01
-1.729882061e-01-1.655525416e-01-1.560720205e-01-1.446897388e-01-1.315752268e-01
-1.169174313e-01-1.009174139e-01-8.378088480e-02-6.571125251e-02-4.690325254e-02
-2.753752848e-02-7.776118757e-03 1.224096963e-02 3.239821282e-02 5.260611331e-02
 7.280192524e-02 9.294962138e-02 1.130390316e-01 1.330834777e-01 1.531141848e-01
 1.730086208e-01 1.927805842e-01 2.124293595e-01 2.319367975e-01 2.512599527e-01
 2.703188955e-01 2.889790834e-01 3.070284427e-01 3.241566122e-01 3.399588167e-01
 2.189183980e-01 2.140833586e-01 2.050183712e-01 1.945996733e-01 1.837309152e-01
 1.724380106e-01 1.607468874e-01 1.486649810e-01 1.361856462e-01 1.233492718e-01
 1.101359427e-01 9.653031087e-02 8.252549917e-02 6.812582904e-02 5.334893981e-02
 3.822764766e-02 2.281153586e-02 7.168298529e-03-8.615290688e-03-2.443285094e-02
-4.015845794e-02-5.564739916e-02-7.073774200e-02-8.525279904e-02-9.900449956e-02
-1.117977053e-01-1.234353110e-01-1.337240636e-01-1.424807162e-01-1.495384276e-01
-1.547529249e-01-1.580079496e-01-1.592199804e-01-1.583415270e-01-1.553629936e-01
-1.503129305e-01-1.432565151e-01-1.342925578e-01-1.235491334e-01-1.111779882e-01
-9.734838456e-02-8.224039519e-02-6.603827333e-02-4.892406246e-02-3.107171878e-02
-1.264202321e-02 6.221755408e-03 2.539730992e-02 4.478595767e-02 6.431460386e-02
 8.393720526e-02 1.036360636e-01 1.234234870e-01 1.433451175e-01 1.633107214e-01
 1.833455862e-01 2.034814357e-01 2.237503827e-01 2.441795915e-01 2.647839488e-01
 2.855530381e-01 3.064258696e-01 3.272380828e-01 3.476061226e-01 3.667348623e-01
 2.216369659e-01 2.171706260e-01 2.084100397e-01 1.979357005e-01 1.870665699e-01
 1.758788228e-01 1.643931121e-01 1.526095421e-01 1.405197979e-01 1.281133442e-01
 1.154198945e-01 1.024176702e-01 8.909629285e-02 7.545766229e-02 6.151714933e-02
 4.730475682e-02 3.286631411e-02 1.826441672e-02 3.579104086e-03-1.109187683e-02
-2.563330892e-02-3.991337115e-02-5.378519010e-02-6.708917767e-02-7.965613157e-02
-9.131114196e-02-1.018781513e-01-1.111850291e-01-1.190690845e-01-1.253825129e-01
-1.299977304e-01-1.328121423e-01-1.337520928e-01-1.327756791e-01-1.298743187e-01
-1.250728965e-01-1.184284239e-01-1.100274324e-01-9.998208296e-02-8.842539036e-02
-7.550569635e-02-6.138088187e-02-4.621239752e-02-3.015957400e-02-1.337428490e-02
 4.003784969e-03 2.185125847e-02 4.006448388e-02 5.856232357e-02 7.728831482e-02
 9.621236462e-02 1.153318583e-01 1.346723288e-01 1.542875170e-01 1.740899385e-01
 1.941441445e-01 2.145211101e-01 2.353024184e-01 2.565832435e-01 2.784749866e-01
 3.011084796e-01 3.246393502e-01 3.492625655e-01 3.752776980e-01 4.026595949e-01
 2.255088388e-01 2.217535377e-01 2.124320864e-01 2.014037371e-01 1.903766245e-01
 1.792564095e-01 1.679887621e-01 1.565385312e-01 1.448782086e-01 1.329834313e-01
 1.208874211e-01 1.085657254e-01 9.600568563e-02 8.320701867e-02 7.018256932e-02
 5.695916712e-02 4.357841244e-02 3.009729087e-02 1.658854808e-02 3.140709683e-03
-1.014233299e-02-2.314226696e-02-3.572788450e-02-4.775726789e-02-5.908060813e-02
-6.954366725e-02-7.899177074e-02-8.727426076e-02-9.424912179e-02-9.978772700e-02
-1.037792712e-01-1.061348170e-01-1.067905725e-01-1.057102232e-01-1.028862147e-01
-9.833978128e-02-9.211984277e-02-8.430068189e-02-7.497862721e-02-6.426797051e-02
-5.229621014e-02-3.919902071e-02-2.511506539e-02-1.018096501e-02 5.473468918e-03
 2.172958473e-02 3.848376864e-02 5.565084890e-02 7.316705590e-02 9.099260706e-02
 1.091139838e-01 1.275456547e-01 1.463305653e-01 1.654016970e-01 1.848134996e-01
 2.046400906e-01 2.249767632e-01 2.459447085e-01 2.676982879e-01 2.904360592e-01
 3.144170941e-01 3.399866224e-01 3.676172792e-01 3.979715705e-01 4.305102527e-01
 2.275113165e-01 2.241041362e-01 2.147703617e-01 2.038459033e-01 1.929733455e-01
 1.820971817e-01 1.711719036e-01 1.601571591e-01 1.490175723e-01 1.377212107e-01
 1.262989938e-01 1.147277803e-01 1.029940546e-01 9.109578287e-02 7.904344791e-02
 6.686071301e-02 5.458488688e-02 4.226724058e-02 2.997310821e-02 1.778169535e-02
 5.785510468e-03-5.910631618e-03-1.719108038e-02-2.793135855e-02-3.800068796e-02
-4.726501921e-02-5.559048045e-02-6.284713733e-02-6.891293084e-02-7.367762917e-02
-7.704649132e-02-7.894362515e-02-7.931461924e-02-7.812847203e-02-7.537857455e-02
-7.108270383e-02-6.528204679e-02-5.803922203e-02-4.943551484e-02-3.956738126e-02
-2.854246658e-02-1.647528273e-02-3.482800617e-03 1.031993888e-02 2.482401585e-02
 3.993054095e-02 5.555425957e-02 7.162686449e-02 8.810017258e-02 1.049493699e-01
 1.221769601e-01 1.398185194e-01 1.577903479e-01 1.761319636e-01 1.949017794e-01
 2.141793519e-01 2.340696008e-01 2.547094225e-01 2.762773336e-01 2.990072668e-01
 3.232070507e-01 3.492823242e-01 3.777618706e-01 4.093104900e-01 4.431101085e-01
 2.276044040e-01 2.244081348e-01 2.156064959e-01 2.050139607e-01 1.945102513e-01
 1.840689183e-01 1.736490726e-01 1.632102280e-01 1.527160854e-01 1.421368123e-01
 1.314511150e-01 1.206900479e-01 1.098347305e-01 9.888029855e-02 8.783486491e-02
 7.671920204e-02 6.556666654e-02 5.442316842e-02 4.334696743e-02 3.240831941e-02
 2.168880583e-02 1.128031418e-02 1.283656689e-03-8.193250687e-03-1.703760761e-02
-2.513433801e-02-3.236901754e-02-3.863102203e-02-4.381680494e-02-4.783310753e-02
-5.059998477e-02-5.205348873e-02-5.214779073e-02-5.085671693e-02-4.817447811e-02
-4.411564016e-02-3.871425620e-02-3.202224529e-02-2.410707437e-02-1.504884462e-02
-4.936979269e-03 6.133386865e-03 1.806513965e-02 3.076290904e-02 4.413667688e-02
 5.810517457e-02 7.259904599e-02 8.756374568e-02 1.029621884e-01 1.187771187e-01
 1.350130737e-01 1.516973524e-01 1.687254310e-01 1.861429216e-01 2.040055840e-01
 2.223850937e-01 2.413745522e-01 2.610949279e-01 2.817038000e-01 3.034073709e-01
 3.264782726e-01 3.512818218e-01 3.783183397e-01 4.083026946e-01 4.396561683e-01
 2.264601589e-01 2.234838159e-01 2.149000913e-01 2.047409714e-01 1.947806031e-01
 1.849599035e-01 1.752198486e-01 1.655083449e-01 1.557828189e-01 1.460097580e-01
 1.361625789e-01 1.262792199e-01 1.163480207e-01 1.063668578e-01 9.634429956e-02
 8.629988134e-02 7.626415032e-02 6.627850235e-02 5.639491597e-02 4.667549202e-02
 3.719174128e-02 2.802363789e-02 1.925832039e-02 1.098850282e-02 3.310548258e-03
-3.677734116e-03-9.879535995e-03-1.520165056e-02-1.955713326e-02-2.286791051e-02
-2.506720473e-02-2.610165265e-02-2.593299758e-02-2.453926019e-02-2.191530174e-02
-1.807274297e-02-1.303924440e-02-6.857147790e-03 4.184213467e-04 8.721936611e-03
 1.798019739e-02 2.811531536e-02 3.904780012e-02 5.069969594e-02 6.299760944e-02
 7.587564742e-02 8.927809441e-02 1.031620205e-01 1.174996047e-01 1.322804988e-01
 1.475141494e-01 1.630925237e-01 1.790251881e-01 1.953340470e-01 2.120524198e-01
 2.292259781e-01 2.469147594e-01 2.651957274e-01 2.841661869e-01 3.039482235e-01
 3.246953785e-01 3.466044962e-01 3.699412048e-01 3.950999379e-01 4.211128355e-01
 2.233221829e-01 2.204631121e-01 2.122166306e-01 2.027235776e-01 1.935783474e-01
 1.846342682e-01 1.757902503e-01 1.669794321e-01 1.581583321e-01 1.492991448e-01
 1.403855981e-01 1.314118356e-01 1.224264651e-01 1.134270803e-01 1.044227107e-01
 9.543252742e-02 8.648522210e-02 7.761867356e-02 6.887952995e-02 6.032273907e-02
 5.201086786e-02 4.401322448e-02 3.640471771e-02 2.926449676e-02 2.267430362e-02
 1.671665721e-02 1.147283521e-02 7.020768768e-03 3.432895755e-03 7.740926230e-04
-9.002462029e-04-1.545864041e-03-1.130955643e-03 3.629449056e-04 2.940550301e-03
 6.592918653e-03 1.129806414e-02 1.702205837e-02 2.372057928e-02 3.134082624e-02
 3.982374439e-02 4.910645256e-02 5.912477529e-02 6.981583696e-02 8.112058783e-02
 9.298627812e-02 1.053687559e-01 1.182345823e-01 1.315630825e-01 1.453484148e-01
 1.594692618e-01 1.739161909e-01 1.886851341e-01 2.037780433e-01 2.192027569e-01
 2.349727898e-01 2.511066197e-01 2.676263153e-01 2.845547498e-01 3.019100428e-01
 3.196949661e-01 3.378753959e-01 3.563309907e-01 3.747062981e-01 3.919723631e-01
 2.169134767e-01 2.137951701e-01 2.066557408e-01 1.985983847e-01 1.908358036e-01
 1.831449717e-01 1.754446030e-01 1.676992625e-01 1.598920674e-01 1.520154774e-01
 1.440672724e-01 1.360478849e-01 1.280199735e-01 1.199935152e-01 1.119834185e-01
 1.040110737e-01 9.610490495e-02 8.830039948e-02 8.063991368e-02 7.317232329e-02
 6.595242769e-02 5.904021120e-02 5.249989772e-02 4.639878502e-02 4.080590617e-02
 3.579054016e-02 3.142057726e-02 2.776084654e-02 2.487141272e-02 2.280595142e-02
 2.161026176e-02 2.132098388e-02 2.196460025e-02 2.355677087e-02 2.610203810e-02
 2.959393710e-02 3.401550645e-02 3.934015706e-02 4.553293448e-02 5.255202961e-02
 6.035057449e-02 6.887856114e-02 7.808493078e-02 8.791966725e-02 9.833595162e-02
 1.092922239e-01 1.207542270e-01 1.326964201e-01 1.451035142e-01 1.578433662e-01
 1.708923726e-01 1.842290759e-01 1.978340297e-01 2.116895021e-01 2.257789075e-01
 2.400855423e-01 2.545906602e-01 2.692701519e-01 2.840890884e-01 2.989931106e-01
 3.138944804e-01 3.286500871e-01 3.430295289e-01 3.566790820e-01 3.691184818e-01
 2.072149963e-01 2.029567511e-01 1.983837188e-01 1.930861771e-01 1.872061641e-01
 1.809938849e-01 1.745526046e-01 1.679357886e-01 1.611766815e-01 1.542994083e-01
 1.473240404e-01 1.402697712e-01 1.331581622e-01 1.260626465e-01 1.189985498e-01
 1.119879411e-01 1.050587892e-01 9.824455529e-02 9.158398950e-02 8.512072999e-02
 7.890287042e-02 7.298236340e-02 6.741419423e-02 6.225548312e-02 5.756439280e-02
 5.339892965e-02 4.981565487e-02 4.686836898e-02 4.460677877e-02 4.307525599e-02
 4.231168714e-02 4.234650719e-02 4.320195684e-02 4.489159200e-02 4.742007714e-02
 5.078331009e-02 5.496882275e-02 5.995648715e-02 6.571950007e-02 7.222556329e-02
 7.943828416e-02 8.731868875e-02 9.582685673e-02 1.049236135e-01 1.145723313e-01
 1.247407572e-01 1.354044378e-01 1.465453207e-01 1.580242814e-01 1.698095202e-01
 1.818687319e-01 1.941688806e-01 2.066760809e-01 2.193550617e-01 2.321685553e-01
 2.450761498e-01 2.580325008e-01 2.709845900e-01 2.838676869e-01 2.965996862e-01
 3.090737761e-01 3.211500347e-01 3.326489331e-01 3.433513642e-01 3.530124723e-01
 2.008964272e-01 1.964430065e-01 1.926225274e-01 1.885959654e-01 1.840044410e-01
 1.789846570e-01 1.736413241e-01 1.680492610e-01 1.622625441e-01 1.563220323e-01
 1.502602251e-01 1.441041083e-01 1.378761084e-01 1.316593884e-01 1.254784018e-01
 1.193591133e-01 1.133303343e-01 1.074242069e-01 1.016763897e-01 9.612601250e-02
 9.081535036e-02 8.578938991e-02 8.109522605e-02 7.678128791e-02 7.289655512e-02
 6.948953879e-02 6.660734105e-02 6.429459900e-02 6.259249902e-02 6.153779489e-02
 6.116198370e-02 6.149057666e-02 6.254257262e-02 6.433007127e-02 6.685821724e-02
 7.012523717e-02 7.412280882e-02 7.883663476e-02 8.424714947e-02 9.033046651e-02
 9.705939144e-02 1.044046060e-01 1.123358012e-01 1.208226978e-01 1.298369169e-01
 1.393479408e-01 1.493503153e-01 1.597039552e-01 1.703751088e-01 1.813263596e-01
 1.925171464e-01 2.039037198e-01 2.154390217e-01 2.270724772e-01 2.387497723e-01
 2.504125536e-01 2.619979085e-01 2.734375895e-01 2.846563756e-01 2.955704628e-01
 3.060851097e-01 3.160931468e-01 3.254751266e-01 3.341029584e-01 3.418479563e-01
 1.969287096e-01 1.925405265e-01 1.890567987e-01 1.856252998e-01 1.817789226e-01
 1.775721163e-01 1.730642020e-01 1.683094947e-01 1.633551568e-01 1.582416593e-01
 1.530041246e-01 1.476738751e-01 1.422798485e-01 1.368506849e-01 1.314666569e-01
 1.261533648e-01 1.209383458e-01 1.158513874e-01 1.109248624e-01 1.061935946e-01
 1.016946360e-01 9.746689355e-02 9.355063736e-02 8.998694259e-02 8.681699645e-02
 8.408143371e-02 8.181948948e-02 8.006828284e-02 7.886201883e-02 7.823131239e-02
 7.820256066e-02 7.879748207e-02 8.003268385e-02 8.191948396e-02 8.446381235e-02
 8.766633272e-02 9.152271599e-02 9.602411831e-02 1.011577026e-01 1.069073454e-01
 1.132544204e-01 1.201785429e-01 1.276592463e-01 1.356723011e-01 1.442155390e-01
 1.531678884e-01 1.625125259e-01 1.722072362e-01 1.822099836e-01 1.924760640e-01
 2.029566168e-01 2.135976552e-01 2.243395150e-01 2.351168841e-01 2.458592057e-01
 2.564916612e-01 2.669366001e-01 2.771151661e-01 2.869486511e-01 2.963596882e-01
 3.052726685e-01 3.136143683e-01 3.213143646e-01 3.283065559e-01 3.345318139e-01
 1.942648589e-01 1.899760514e-01 1.868136227e-01 1.837758272e-01 1.804241837e-01
 1.767909228e-01 1.729103475e-01 1.688185036e-01 1.645508111e-01 1.601408868e-01
 1.556203067e-01 1.510187835e-01 1.463646592e-01 1.416852773e-01 1.370072811e-01
 1.324107945e-01 1.279205977e-01 1.235628278e-01 1.193664446e-01 1.153622345e-01
 1.115825474e-01 1.080609113e-01 1.048316954e-01 1.019296572e-01 9.938950092e-02
 9.724526119e-02 9.552971285e-02 9.427378315e-02 9.350600082e-02 9.325199563e-02
 9.353413444e-02 9.437121463e-02 9.577824170e-02 9.776630258e-02 1.003425195e-01
 1.035101116e-01 1.072687133e-01 1.116148903e-01 1.165424139e-01 1.220425889e-01
 1.281056851e-01 1.347172260e-01 1.418826878e-01 1.494961380e-01 1.575506778e-01
 1.660164149e-01 1.748635023e-01 1.840566993e-01 1.935556680e-01 2.033139914e-01
 2.132778765e-01 2.233849019e-01 2.335630805e-01 2.437305897e-01 2.537968755e-01
 2.636652589e-01 2.732372881e-01 2.824180722e-01 2.911216617e-01 2.992754580e-01
 3.068225087e-01 3.137222230e-01 3.199490011e-01 3.254896402e-01 3.303405345e-01
 1.926080288e-01 1.884669363e-01 1.854607462e-01 1.827096939e-01 1.797235309e-01
 1.765206904e-01 1.731247008e-01 1.695611030e-01 1.658563615e-01 1.620371939e-01
 1.581301242e-01 1.541613042e-01 1.501564087e-01 1.461406649e-01 1.421386898e-01
 1.381741166e-01 1.343255938e-01 1.306101978e-01 1.270566583e-01 1.236922741e-01
 1.205453278e-01 1.176445484e-01 1.150190011e-01 1.126980261e-01 1.107108964e-01
 1.090862677e-01 1.078515799e-01 1.070326864e-01 1.066533996e-01 1.067351773e-01
 1.072970034e-01 1.083554104e-01 1.099244653e-01 1.120156571e-01 1.146377326e-01
 1.177965328e-01 1.214952468e-01 1.257364602e-01 1.305214762e-01 1.358461827e-01
 1.417251677e-01 1.480657011e-01 1.548716277e-01 1.621256322e-01 1.698113232e-01
 1.779084207e-01 1.863928139e-01 1.952354015e-01 2.044007481e-01 2.138452381e-01
 2.235148250e-01 2.333422452e-01 2.432442008e-01 2.531190811e-01 2.628468574e-01
 2.722928524e-01 2.813172042e-01 2.897886337e-01 2.975984216e-01 3.046704232e-01
 3.109655977e-01 3.164817988e-01 3.212488890e-01 3.253192306e-01 3.287546336e-01
 1.915535032e-01 1.875560432e-01 1.847233772e-01 1.821939051e-01 1.794849187e-01
 1.766154022e-01 1.736036241e-01 1.704679279e-01 1.672280430e-01 1.639049202e-01
 1.605204940e-01 1.570972801e-01 1.536582261e-01 1.502266079e-01 1.468261181e-01
 1.434813439e-01 1.402188836e-01 1.370537578e-01 1.340613216e-01 1.312558203e-01
 1.286633014e-01 1.263072788e-01 1.242112518e-01 1.223996878e-01 1.208979114e-01
 1.197303682e-01 1.189202144e-01 1.184890941e-01 1.184568108e-01 1.188409551e-01
 1.196567341e-01 1.209186836e-01 1.226406620e-01 1.248357072e-01 1.275154501e-01
 1.306886077e-01 1.343559475e-01 1.385301353e-01 1.432363540e-01 1.483919919e-01
 1.540102215e-01 1.600841284e-01 1.666087358e-01 1.735768170e-01 1.809794455e-01
 1.888053865e-01 1.970403343e-01 2.056657673e-01 2.146572471e-01 2.239819467e-01
 2.335951030e-01 2.434350400e-01 2.534162103e-01 2.634202539e-01 2.732861043e-01
 2.828065156e-01 2.917444407e-01 2.998762430e-01 3.070352376e-01 3.131293356e-01
 3.181402385e-01 3.221213221e-01 3.251943588e-01 3.275307715e-01 3.293078841e-01
 1.909658014e-01 1.871405094e-01 1.844591348e-01 1.820409298e-01 1.795320959e-01
 1.769288481e-01 1.742321103e-01 1.714512407e-01 1.686002762e-01 1.656959653e-01
 1.627568156e-01 1.598023474e-01 1.568528712e-01 1.539291739e-01 1.510524899e-01
 1.482444107e-01 1.455267369e-01 1.429208367e-01 1.404499559e-01 1.381253005e-01
 1.360219122e-01 1.341480612e-01 1.325183214e-01 1.311520784e-01 1.300764679e-01
 1.293128580e-01 1.288805305e-01 1.287977397e-01 1.290815174e-01 1.297458560e-01
 1.307965665e-01 1.322461664e-01 1.341096461e-01 1.364040376e-01 1.391502022e-01
 1.423782556e-01 1.460178195e-01 1.500913947e-01 1.546097250e-01 1.595687867e-01
 1.649693399e-01 1.708119959e-01 1.770976335e-01 1.838270574e-01 1.910008938e-01
 1.986193211e-01 2.066816388e-01 2.151854932e-01 2.241255640e-01 2.334914505e-01
 2.432642280e-01 2.534109950e-01 2.638756336e-01 2.745627164e-01 2.853040100e-01
 2.957851588e-01 3.054683505e-01 3.138248622e-01 3.206055165e-01 3.257364929e-01
 3.292305468e-01 3.311866223e-01 3.318551183e-01 3.317286373e-01 3.313258887e-01
 1.903451681e-01 1.866342873e-01 1.841391473e-01 1.819544734e-01 1.796788276e-01
 1.773262471e-01 1.749049873e-01 1.724264026e-01 1.699045449e-01 1.673552691e-01
 1.647955476e-01 1.622431426e-01 1.597162634e-01 1.572334915e-01 1.548136770e-01
 1.524758636e-01 1.502393036e-01 1.481234728e-01 1.461483241e-01 1.443342567e-01
 1.427058578e-01 1.412797421e-01 1.400671451e-01 1.390718370e-01 1.383707970e-01
 1.379686743e-01 1.378769131e-01 1.381111889e-01 1.386918278e-01 1.396473943e-01
 1.409220548e-01 1.425415724e-01 1.445246935e-01 1.468866020e-01 1.496399342e-01
 1.527931987e-01 1.563446672e-01 1.602993459e-01 1.646632998e-01 1.694417746e-01
 1.746406109e-01 1.802665293e-01 1.863273828e-01 1.928324403e-01 1.997926235e-01
 2.072209418e-01 2.151327729e-01 2.235461175e-01 2.324816286e-01 2.419622838e-01
 2.520124018e-01 2.626557052e-01 2.739126383e-01 2.857982516e-01 2.983279823e-01
 3.115701378e-01 3.236067593e-01 3.326556683e-01 3.391238750e-01 3.432296515e-01
 3.447880745e-01 3.439967037e-01 3.405925036e-01 3.363097609e-01 3.333036005e-01
 1.898280381e-01 1.861584634e-01 1.838725210e-01 1.819234341e-01 1.798707694e-01
 1.777401120e-01 1.755524724e-01 1.733263433e-01 1.710792183e-01 1.688281297e-01
 1.665899010e-01 1.643812360e-01 1.622187345e-01 1.601189375e-01 1.580983700e-01
 1.561735870e-01 1.543611587e-01 1.526776551e-01 1.511397808e-01 1.497641950e-01
 1.485676170e-01 1.475655288e-01 1.467728764e-01 1.462057977e-01 1.458864509e-01
 1.458303630e-01 1.460506023e-01 1.465593427e-01 1.473677008e-01 1.484842150e-01
 1.499096303e-01 1.516515017e-01 1.537194996e-01 1.561236234e-01 1.588732451e-01
 1.619766503e-01 1.654407977e-01 1.692732423e-01 1.734823287e-01 1.780772060e-01
 1.830681860e-01 1.884671152e-01 1.942879854e-01 2.005474268e-01 2.072655857e-01
 2.144671381e-01 2.221825868e-01 2.304499745e-01 2.393169104e-01 2.488429993e-01
 2.591024042e-01 2.701862157e-01 2.822040023e-01 2.952847779e-01 3.095815182e-01
 3.244289160e-01 3.362788857e-01 3.449958563e-01 3.507056832e-01 3.533044458e-01
 3.529167772e-01 3.492131829e-01 3.427788615e-01 3.372750283e-01 3.329649866e-01
 1.896846591e-01 1.860551684e-01 1.838810593e-01 1.820432544e-01 1.801223011e-01
 1.781423837e-01 1.761258097e-01 1.740936189e-01 1.720651239e-01 1.700580567e-01
 1.680888087e-01 1.661727726e-01 1.643246858e-01 1.625588834e-01 1.608894170e-01
 1.593302340e-01 1.578951031e-01 1.565976591e-01 1.554513275e-01 1.544692367e-01
 1.536641716e-01 1.530484707e-01 1.526341290e-01 1.524331123e-01 1.524575501e-01
 1.527183205e-01 1.532250344e-01 1.539862901e-01 1.550097168e-01 1.563018113e-01
 1.578681021e-01 1.597148775e-01 1.618493052e-01 1.642791479e-01 1.670126320e-01
 1.700582505e-01 1.734248847e-01 1.771221459e-01 1.811606289e-01 1.855521799e-01
 1.903101652e-01 1.954500229e-01 2.009897382e-01 2.069507390e-01 2.133589386e-01
 2.202463000e-01 2.276529073e-01 2.356298416e-01 2.442433388e-01 2.535803915e-01
 2.637563348e-01 2.749243677e-01 2.872841656e-01 3.010785283e-01 3.164744974e-01
 3.302213550e-01 3.409523666e-01 3.485721350e-01 3.529663682e-01 3.541478813e-01
 3.517840803e-01 3.458352387e-01 3.392834365e-01 3.338776528e-01 3.294297456e-01
 1.898978652e-01 1.862870902e-01 1.840721220e-01 1.822597386e-01 1.803862304e-01
 1.784773172e-01 1.765598655e-01 1.746578514e-01 1.727916152e-01 1.709781289e-01
 1.692318470e-01 1.675655692e-01 1.659911275e-01 1.645199805e-01 1.631634086e-01
 1.619326025e-01 1.608386637e-01 1.598923654e-01 1.591041088e-01 1.584837438e-01
 1.580404938e-01 1.577829123e-01 1.577189267e-01 1.578558981e-01 1.582006364e-01
 1.587592663e-01 1.595371813e-01 1.605392097e-01 1.617696880e-01 1.632327139e-01
 1.649324000e-01 1.668734252e-01 1.690612586e-01 1.715023071e-01 1.742040366e-01
 1.771749706e-01 1.804247051e-01 1.839640439e-01 1.878050417e-01 1.919611842e-01
 1.964474915e-01 2.012809962e-01 2.064811289e-01 2.120704354e-01 2.180757223e-01
 2.245293558e-01 2.314714491e-01 2.389528601e-01 2.470397204e-01 2.558204233e-01
 2.654173673e-01 2.760071157e-01 2.878571750e-01 3.013784290e-01 3.158896267e-01
 3.281362056e-01 3.374442160e-01 3.437660933e-01 3.470456899e-01 3.468509316e-01
 3.430423438e-01 3.369001151e-01 3.314932584e-01 3.269150556e-01 3.230283262e-01
 1.902936102e-01 1.866311581e-01 1.843907684e-01 1.825123877e-01 1.805835961e-01
 1.786508859e-01 1.767525227e-01 1.749165953e-01 1.731621623e-01 1.715017854e-01
 1.699443160e-01 1.684970708e-01 1.671671719e-01 1.659622492e-01 1.648905873e-01
 1.639609783e-01 1.631822438e-01 1.625629217e-01 1.621107757e-01 1.618326457e-01
 1.617342383e-01 1.618201287e-01 1.620938779e-01 1.625581980e-01 1.632150115e-01
 1.640656440e-01 1.651109160e-01 1.663513333e-01 1.677872686e-01 1.694192440e-01
 1.712483466e-01 1.732765884e-01 1.755072326e-01 1.779452265e-01 1.805972009e-01
 1.834716051e-01 1.865786015e-01 1.899299623e-01 1.935388743e-01 1.974197774e-01
 2.015883922e-01 2.060617059e-01 2.108582406e-01 2.159983665e-01 2.215049417e-01
 2.274040729e-01 2.337262631e-01 2.405077518e-01 2.477925868e-01 2.556353211e-01
 2.641049325e-01 2.732909917e-01 2.833136320e-01 2.943286299e-01 3.059395551e-01
 3.157955408e-01 3.233063816e-01 3.284569382e-01 3.311301768e-01 3.310943247e-01
 3.281581103e-01 3.241700531e-01 3.205875756e-01 3.173803091e-01 3.145018517e-01
 1.910743415e-01 1.873064636e-01 1.848673077e-01 1.827408521e-01 1.805875303e-01
 1.785002797e-01 1.765338482e-01 1.747124195e-01 1.730415077e-01 1.715182810e-01
 1.701380759e-01 1.688979418e-01 1.677981316e-01 1.668422818e-01 1.660366507e-01
 1.653891205e-01 1.649079324e-01 1.646006702e-01 1.644734294e-01 1.645303665e-01
 1.647735536e-01 1.652031838e-01 1.658178269e-01 1.666149349e-01 1.675911099e-01
 1.687424332e-01 1.700646133e-01 1.715530903e-01 1.732032746e-01 1.750108750e-01
 1.769724637e-01 1.790860594e-01 1.813518553e-01 1.837727280e-01 1.863544733e-01
 1.891058536e-01 1.920382381e-01 1.951650977e-01 1.985013186e-01 2.020626813e-01
 2.058653830e-01 2.099257112e-01 2.142599821e-01 2.188844830e-01 2.238155009e-01
 2.290692627e-01 2.346618323e-01 2.406084389e-01 2.469222396e-01 2.536113858e-01
 2.606727779e-01 2.680788636e-01 2.757484614e-01 2.834904492e-01 2.909420729e-01
 2.976267039e-01 3.031453192e-01 3.072602451e-01 3.098660411e-01 3.109869064e-01
 3.108300269e-01 3.097906410e-01 3.082813025e-01 3.065766693e-01 3.048244119e-01
 1.926033349e-01 1.887747644e-01 1.856467425e-01 1.827852280e-01 1.800860913e-01
 1.776808054e-01 1.755987704e-01 1.738052666e-01 1.722540111e-01 1.709049791e-01
 1.697290839e-01 1.687091886e-01 1.678392441e-01 1.671220660e-01 1.665664166e-01
 1.661838443e-01 1.659859418e-01 1.659821569e-01 1.661784350e-01 1.665764897e-01
 1.671739519e-01 1.679650991e-01 1.689418703e-01 1.700950264e-01 1.714149863e-01
 1.728921084e-01 1.745166032e-01 1.762783228e-01 1.781665086e-01 1.801702082e-01
 1.822790505e-01 1.844847052e-01 1.867823749e-01 1.891719700e-01 1.916587055e-01
 1.942530572e-01 1.969697625e-01 1.998264788e-01 2.028421014e-01 2.060353755e-01
 2.094239296e-01 2.130237371e-01 2.168488650e-01 2.209112941e-01 2.252206504e-01
 2.297837435e-01 2.346036733e-01 2.396784127e-01 2.449984104e-01 2.505426704e-01
 2.562729120e-01 2.621248663e-01 2.679977418e-01 2.737456859e-01 2.791811823e-01
 2.840990425e-01 2.883142234e-01 2.916942239e-01 2.941768171e-01 2.957770526e-01
 2.965852319e-01 2.967478634e-01 2.964316605e-01 2.957880498e-01 2.949357033e-01
 1.942082943e-01 1.901889443e-01 1.861397176e-01 1.820235700e-01 1.780495195e-01
 1.754394174e-01 1.734590681e-01 1.719012558e-01 1.706388593e-01 1.695865393e-01
 1.686901451e-01 1.679231228e-01 1.672824769e-01 1.667822896e-01 1.664459110e-01
 1.662988365e-01 1.663635968e-01 1.666562557e-01 1.671845467e-01 1.679469942e-01
 1.689336896e-01 1.701284497e-01 1.715120971e-01 1.730656623e-01 1.747722776e-01
 1.766172646e-01 1.785869302e-01 1.806664616e-01 1.828381867e-01 1.850810497e-01
 1.873725355e-01 1.896921993e-01 1.920258254e-01 1.943683027e-01 1.967250556e-01
 1.991118639e-01 2.015527486e-01 2.040759771e-01 2.067096978e-01 2.094788997e-01
 2.124041766e-01 2.155017257e-01 2.187837063e-01 2.222583741e-01 2.259300650e-01
 2.297987640e-01 2.338592260e-01 2.380997537e-01 2.425003798e-01 2.470306008e-01
 2.516464888e-01 2.562879324e-01 2.608768941e-01 2.653182745e-01 2.695052325e-01
 2.733297051e-01 2.766955494e-01 2.795313299e-01 2.817994953e-01 2.834998668e-01
 2.846676110e-01 2.853649854e-01 2.856693865e-01 2.856609224e-01 2.854131758e-01
 1.954671890e-01 1.911503971e-01 1.864760368e-01 1.812763512e-01 1.756065487e-01
 1.716281027e-01 1.697464884e-01 1.688786001e-01 1.682208330e-01 1.676709802e-01
 1.671560109e-01 1.666538714e-01 1.661926358e-01 1.658298970e-01 1.656301023e-01
 1.656504570e-01 1.659351289e-01 1.665130110e-01 1.673959494e-01 1.685766875e-01
 1.700287014e-01 1.717116832e-01 1.735822706e-01 1.756047010e-01 1.777551473e-01
 1.800198256e-01 1.823895426e-01 1.848527491e-01 1.873877347e-01 1.899566799e-01
 1.925089211e-01 1.949956716e-01 1.973833889e-01 1.996576340e-01 2.018244566e-01
 2.039127796e-01 2.059726417e-01 2.080616058e-01 2.102281452e-01 2.125060557e-01
 2.149174957e-01 2.174769342e-01 2.201933860e-01 2.230715156e-01 2.261116953e-01
 2.293097080e-01 2.326561062e-01 2.361354529e-01 2.397254109e-01 2.433957607e-01
 2.471076549e-01 2.508131861e-01 2.544560134e-01 2.579732536e-01 2.612990440e-01
 2.643695473e-01 2.671288252e-01 2.695343196e-01 2.715607881e-01 2.732021213e-01
 2.744705380e-01 2.753933370e-01 2.760082186e-01 2.763580977e-01 2.764864267e-01
 1.971084179e-01 1.928119214e-01 1.880527883e-01 1.826151908e-01 1.763363034e-01
 1.711129994e-01 1.675056517e-01 1.655984073e-01 1.654138566e-01 1.656674593e-01
 1.656080335e-01 1.652355344e-01 1.647216977e-01 1.642616986e-01 1.640060545e-01
 1.640552134e-01 1.644766183e-01 1.653163730e-01 1.665996314e-01 1.683186440e-01
 1.704121231e-01 1.727653296e-01 1.752634347e-01 1.778413205e-01 1.804814787e-01
 1.831932365e-01 1.859969795e-01 1.889130621e-01 1.919474453e-01 1.950487198e-01
 1.980494856e-01 2.008155286e-01 2.032996714e-01 2.054804861e-01 2.073498071e-01
 2.089352460e-01 2.103774250e-01 2.118588983e-01 2.134491354e-01 2.151677460e-01
 2.170227467e-01 2.190189661e-01 2.211595178e-01 2.234452664e-01 2.258738430e-01
 2.284388541e-01 2.311292738e-01 2.339290231e-01 2.368166148e-01 2.397651374e-01
 2.427422554e-01 2.457107156e-01 2.486293166e-01 2.514544129e-01 2.541421653e-01
 2.566511034e-01 2.589450478e-01 2.609956264e-01 2.627841831e-01 2.643026412e-01
 2.655532062e-01 2.665472626e-01 2.673030795e-01 2.678436040e-01 2.681940495e-01
 1.993891596e-01 1.955474913e-01 1.913304479e-01 1.866509616e-01 1.814939975e-01
 1.759543716e-01 1.707478761e-01 1.671207697e-01 1.652787327e-01 1.653830408e-01
 1.653106809e-01 1.642842144e-01 1.629207878e-01 1.618632823e-01 1.612491458e-01
 1.611312478e-01 1.615572125e-01 1.625859887e-01 1.642939897e-01 1.667704434e-01
 1.700413377e-01 1.735679359e-01 1.768974662e-01 1.800596714e-01 1.831370740e-01
 1.862129868e-01 1.893681586e-01 1.926862597e-01 1.962666661e-01 2.002356201e-01
 2.038891019e-01 2.069987355e-01 2.096288204e-01 2.117238344e-01 2.132472097e-01
 2.141023725e-01 2.145451754e-01 2.153108268e-01 2.162900566e-01 2.174334973e-01
 2.187211961e-01 2.201478035e-01 2.217137814e-01 2.234198450e-01 2.252637892e-01
 2.272389830e-01 2.293340564e-01 2.315330206e-01 2.338156402e-01 2.361578644e-01
 2.385323344e-01 2.409091144e-01 2.432565241e-01 2.455422281e-01 2.477346064e-01
 2.498042433e-01 2.517253160e-01 2.534769476e-01 2.550441622e-01 2.564183475e-01
 2.575971782e-01 2.585840820e-01 2.593872846e-01 2.600186467e-01 2.604923846e-01
 2.021934987e-01 1.992112399e-01 1.958657802e-01 1.920786946e-01 1.878796816e-01
 1.833903192e-01 1.787813752e-01 1.742309630e-01 1.707087309e-01 1.694721281e-01
 1.682604998e-01 1.658636330e-01 1.631177812e-01 1.613464504e-01 1.603333801e-01
 1.599999219e-01 1.603517681e-01 1.614405214e-01 1.633747668e-01 1.663798987e-01
 1.708877981e-01 1.755143703e-01 1.793536395e-01 1.827708482e-01 1.859850137e-01
 1.891458033e-01 1.923737227e-01 1.957827060e-01 1.994977147e-01 2.036422192e-01
 2.074829787e-01 2.107412964e-01 2.134597899e-01 2.155792416e-01 2.170182316e-01
 2.176454067e-01 2.177603691e-01 2.181223930e-01 2.186397017e-01 2.192679046e-01
 2.200018466e-01 2.208555640e-01 2.218461484e-01 2.229844333e-01 2.242721766e-01
 2.257029266e-01 2.272638232e-01 2.289374024e-01 2.307029665e-01 2.325374187e-01
 2.344160377e-01 2.363130747e-01 2.382024229e-01 2.400582731e-01 2.418559938e-01
 2.435728014e-01 2.451886834e-01 2.466869801e-01 2.480549217e-01 2.492838502e-01
 2.503692507e-01 2.513104379e-01 2.521101534e-01 2.527738513e-01 2.533091604e-01
 0.703687370E+00 0.716726721E+00 0.726362288E+00 0.736779034E+00 0.748299599E+00
 0.760323048E+00 0.772810102E+00 0.785794914E+00 0.799629033E+00 0.813323676E+00
 0.827858805E+00 0.842660009E+00 0.858693064E+00 0.874999523E+00 0.891899347E+00
 0.909597278E+00 0.927918017E+00 0.947331309E+00 0.967184961E+00 0.987955749E+00
 0.100964046E+01 0.103225088E+01 0.105589688E+01 0.108053982E+01 0.110624194E+01
 0.113310432E+01 0.116123641E+01 0.119065130E+01 0.122149813E+01 0.125382090E+01
 0.128760993E+01 0.132312799E+01 0.136049104E+01 0.139977205E+01 0.144117880E+01
 0.148449039E+01 0.153036582E+01 0.157893968E+01 0.163011098E+01 0.168429863E+01
 0.174142027E+01 0.180244946E+01 0.186723602E+01 0.193593860E+01 0.200910401E+01
 0.208739638E+01 0.217141962E+01 0.226081514E+01 0.235708284E+01 0.246098304E+01
 0.257291079E+01 0.269347954E+01 0.282522202E+01 0.296795177E+01 0.312363267E+01
 0.329495668E+01 0.348274088E+01 0.369069123E+01 0.392175651E+01 0.417919588E+01
 0.446947241E+01 0.479702425E+01 0.516997290E+01 0.559319925E+01 0.609288454E+01
   89   88
 0.101841116E+01 0.500000007E-01 0.102521443E+01 0.150000006E+00 0.103071153E+01
 0.200000003E+00 0.104563892E+01 0.300000012E+00 0.105487812E+01 0.349999994E+00
 0.107509363E+01 0.449999988E+00 0.108584309E+01 0.500000000E+00 0.110562503E+01
 0.588438034E+00 0.112105429E+01 0.649999976E+00 0.113540232E+01 0.699999988E+00
 0.115875006E+01 0.767405272E+00 0.118531251E+01 0.826459169E+00 0.121187496E+01
 0.873402894E+00 0.123843753E+01 0.911634624E+00 0.127179611E+01 0.949999988E+00
 0.131812501E+01 0.991853595E+00 0.134468746E+01 0.101033807E+01 0.139781249E+01
 0.103688478E+01 0.144193745E+01 0.104999995E+01 0.147749996E+01 0.105690742E+01
 0.153062499E+01 0.105937254E+01 0.158375001E+01 0.105413353E+01 0.161031246E+01
 0.104879653E+01 0.166343749E+01 0.103478694E+01 0.171656251E+01 0.101433349E+01
 0.174525511E+01 0.100000000E+01 0.179624999E+01 0.971665144E+00 0.182777333E+01
 0.949999988E+00 0.187593746E+01 0.914199531E+00 0.190250003E+01 0.891497135E+00
 0.194645524E+01 0.850000024E+00 0.198218751E+01 0.813515663E+00 0.200874996E+01
 0.783286095E+00 0.203547478E+01 0.750000000E+00 0.207142305E+01 0.699999988E+00
 0.210280871E+01 0.649999976E+00 0.213011813E+01 0.600000024E+00 0.215399241E+01
 0.550000012E+00 0.217512369E+01 0.500000000E+00 0.219468760E+01 0.448331922E+00
 0.222125006E+01 0.370314986E+00 0.224256444E+01 0.300000012E+00 0.225620079E+01
 0.250000000E+00 0.227437496E+01 0.166135594E+00 0.228398681E+01 0.100000001E+00
 0.228612208E+01 0.000000000E+00 0.227437496E+01-0.903093368E-01 0.226091886E+01
-0.150000006E+00 0.224612737E+01-0.200000003E+00 0.222125006E+01-0.271209508E+00
 0.219468760E+01-0.338113368E+00 0.216812491E+01-0.398553789E+00 0.214345765E+01
-0.449999988E+00 0.211694098E+01-0.500000000E+00 0.208843756E+01-0.548131406E+00
 0.206187510E+01-0.588865340E+00 0.203531241E+01-0.625781119E+00 0.200874996E+01
-0.659099281E+00 0.197214341E+01-0.699999988E+00 0.192906249E+01-0.743558764E+00
 0.190250003E+01-0.767889917E+00 0.186223698E+01-0.800000012E+00 0.182281256E+01
-0.829252005E+00 0.178885138E+01-0.850000024E+00 0.174312496E+01-0.875890195E+00
 0.169000006E+01-0.898329854E+00 0.166343749E+01-0.907966137E+00 0.161031246E+01
-0.921691716E+00 0.155718756E+01-0.928324997E+00 0.150406253E+01-0.927988529E+00
 0.145093751E+01-0.920128465E+00 0.139781249E+01-0.903326213E+00 0.137125003E+01
-0.891603589E+00 0.131812501E+01-0.860178649E+00 0.129156256E+01-0.839675188E+00
 0.124999213E+01-0.800000012E+00 0.121187496E+01-0.755132496E+00 0.118531251E+01
-0.717230856E+00 0.115875006E+01-0.672493100E+00 0.113218749E+01-0.619523048E+00
 0.110562503E+01-0.555656135E+00 0.108637071E+01-0.500000000E+00 0.107159460E+01
-0.449999988E+00 0.105250001E+01-0.368643731E+00 0.104017580E+01-0.300000012E+00
 0.102760553E+01-0.200000003E+00 0.102303088E+01-0.150000006E+00 0.101776552E+01
-0.500000007E-01 0.101841116E+01 0.500000007E-01
 0.101730001E+01 0.000000000E+00 0.101932001E+01 0.111591995E+01 0.101127005E+01
 0.116271996E+01 0.100224996E+01 0.121238995E+01 0.102639997E+01 0.121238995E+01
 0.103497005E+01 0.116392004E+01 0.103842998E+01 0.116235995E+01 0.106122005E+01
 0.116356003E+01 0.109895003E+01 0.116589999E+01 0.113813996E+01 0.116823995E+01
 0.116191995E+01 0.117446005E+01 0.119008005E+01 0.118699002E+01 0.121012998E+01
 0.120185006E+01 0.123081994E+01 0.122499001E+01 0.123939002E+01 0.123863995E+01
 0.126108003E+01 0.128634000E+01 0.128076005E+01 0.133403003E+01 0.128076005E+01
 0.134810996E+01 0.133062005E+01 0.134810996E+01 0.141947997E+01 0.134748995E+01
 0.141947997E+01 0.131036997E+01 0.137993002E+01 0.131093001E+01 0.137410998E+01
 0.130689001E+01 0.136740994E+01 0.126408994E+01 0.136789000E+01 0.122646999E+01
 0.137232995E+01 0.119475996E+01 0.138840997E+01 0.116448998E+01 0.140222001E+01
 0.115728998E+01 0.141559005E+01 0.115646994E+01 0.142587996E+01 0.116276002E+01
 0.144700003E+01 0.118200004E+01 0.148800004E+01 0.121899998E+01 0.149600005E+01
 0.122800004E+01 0.149109995E+01 0.121349001E+01 0.149501002E+01 0.116171002E+01
 0.147765005E+01 0.112226999E+01 0.148169005E+01 0.111591995E+01 0.149105000E+01
 0.111275005E+01 0.152942002E+01 0.110483003E+01 0.160203004E+01 0.109308004E+01
 0.164134002E+01 0.107020998E+01 0.164687002E+01 0.107845998E+01 0.178340006E+01
 0.107209003E+01 0.204518008E+01 0.103909004E+01 0.205605006E+01 0.104322004E+01
 0.210643005E+01 0.999729991E+00 0.208569002E+01 0.869265974E+00 0.222220993E+01
 0.519111991E+00 0.224294996E+01 0.448630989E+00 0.230183005E+01 0.280676991E+00
 0.231151009E+01 0.279680014E+00 0.233364010E+01 0.219329998E+00 0.234012008E+01
 0.219872996E+00 0.234645009E+01 0.198669001E+00 0.234827995E+01 0.632878989E-01
 0.235109997E+01 0.420836993E-01 0.234827995E+01-0.254776001E+00 0.234645009E+01
-0.272718012E+00 0.234461999E+01-0.410818011E+00 0.235109997E+01-0.420603991E+00
 0.223979998E+01-0.684297979E+00 0.222333002E+01-0.684297979E+00 0.221052003E+01
-0.714201987E+00 0.221318007E+01-0.732686996E+00 0.220670009E+01-0.753892004E+00
 0.220021009E+01-0.735949993E+00 0.218756008E+01-0.771290004E+00 0.219388008E+01
-0.789776027E+00 0.213232994E+01-0.945818007E+00 0.178394997E+01-0.115894997E+01
 0.174519002E+01-0.123995996E+01 0.174687004E+01-0.124047995E+01 0.174579000E+01
-0.124380004E+01 0.164520001E+01-0.124479997E+01 0.140117002E+01-0.124477005E+01
 0.138558996E+01-0.124820995E+01 0.137489998E+01-0.125832999E+01 0.136953998E+01
-0.126941001E+01 0.136824000E+01-0.127555001E+01 0.136860001E+01-0.132246995E+01
 0.137256002E+01-0.132470000E+01 0.142770004E+01-0.132470000E+01 0.142770004E+01
-0.135782003E+01 0.116450000E+01-0.135894001E+01 0.101627004E+01-0.121800005E+01
 0.101750004E+01-0.121700001E+01 0.101730001E+01-0.100000005E-02 0.101730001E+01
 0.000000000E+00
    0 0.169550002E+01    0
 0.000000000E+00 0.766969174E-01 0.109097481E+00 0.134320959E+00 0.155784592E+00
 0.174927801E+00 0.192455530E+00 0.208791316E+00 0.223061964E+00 0.237850830E+00
 0.251889110E+00 0.265520006E+00 0.278728574E+00 0.291603833E+00 0.304087371E+00
 0.316291064E+00 0.328373372E+00 0.340208948E+00 0.351889670E+00 0.363417685E+00
 0.374826074E+00 0.386171967E+00 0.397398502E+00 0.408611536E+00 0.419750452E+00
 0.430838734E+00 0.441944301E+00 0.453035891E+00 0.464130849E+00 0.475267738E+00
 0.486394107E+00 0.497597218E+00 0.508848965E+00 0.520160377E+00 0.531590044E+00
 0.543028772E+00 0.554621875E+00 0.566342950E+00 0.578158855E+00 0.590139449E+00
 0.602214932E+00 0.614522576E+00 0.626995981E+00 0.639647126E+00 0.652507782E+00
 0.665601313E+00 0.678993821E+00 0.692581952E+00 0.706490994E+00 0.720733404E+00
 0.735315144E+00 0.750214577E+00 0.765592575E+00 0.781357050E+00 0.797592997E+00
 0.814390421E+00 0.831714630E+00 0.849689722E+00 0.868355453E+00 0.887752235E+00
 0.908052862E+00 0.929270923E+00 0.951576948E+00 0.975088537E+00 0.100000000E+01
    0
