  EFIT     03/20/2023    #196073  2850ms  EFIT01   0  65  65
 0.170000005E+01 0.320000005E+01 0.169550002E+01 0.839999974E+00 0.000000000E+00
 0.169631141E+01 0.524158441E-01-0.225240610E+00 0.140870616E+00-0.201286209E+01
 0.108223912E+07-0.225240610E+00 0.000000000E+00 0.169631141E+01 0.000000000E+00
 0.524158441E-01 0.000000000E+00 0.140870616E+00 0.000000000E+00 0.000000000E+00
-0.362335563E+01-0.361359358E+01-0.360412347E+01-0.359494233E+01-0.358604693E+01
-0.357743430E+01-0.356910086E+01-0.356104338E+01-0.355325830E+01-0.354574227E+01
-0.353849137E+01-0.353150213E+01-0.352477026E+01-0.351829231E+01-0.351206398E+01
-0.350608134E+01-0.350033999E+01-0.349483597E+01-0.348956466E+01-0.348452175E+01
-0.347970283E+01-0.347510338E+01-0.347071874E+01-0.346654415E+01-0.346257496E+01
-0.345880640E+01-0.345523357E+01-0.345185161E+01-0.344865537E+01-0.344564009E+01
-0.344280076E+01-0.344013202E+01-0.343762898E+01-0.343528640E+01-0.343309879E+01
-0.343106127E+01-0.342916846E+01-0.342741489E+01-0.342579532E+01-0.342430449E+01
-0.342293692E+01-0.342168713E+01-0.342054975E+01-0.341951942E+01-0.341859043E+01
-0.341775751E+01-0.341701508E+01-0.341635764E+01-0.341577959E+01-0.341527545E+01
-0.341483986E+01-0.341446710E+01-0.341415155E+01-0.341388774E+01-0.341367006E+01
-0.341349304E+01-0.341335106E+01-0.341323853E+01-0.341314983E+01-0.341307962E+01
-0.341302204E+01-0.341297162E+01-0.341292274E+01-0.341286993E+01-0.341280758E+01
-0.209248810E+04-0.185473316E+04-0.162348798E+04-0.139875268E+04-0.118052722E+04
-0.968811556E+03-0.763605774E+03-0.564909836E+03-0.372723707E+03-0.187047428E+03
-0.788098145E+01 0.164775631E+03 0.330922405E+03 0.490559374E+03 0.643686459E+03
 0.790303711E+03 0.930411161E+03 0.106400872E+04 0.119109649E+04 0.131167444E+04
 0.142574249E+04 0.153330078E+04 0.163434912E+04 0.172888770E+04 0.181691651E+04
 0.189843537E+04 0.197344446E+04 0.204194366E+04 0.210393299E+04 0.215941260E+04
 0.220838232E+04 0.225084228E+04 0.228679224E+04 0.231623254E+04 0.233916284E+04
 0.235558337E+04 0.236549402E+04 0.236889490E+04 0.236578589E+04 0.235616712E+04
 0.234003845E+04 0.231740003E+04 0.228825171E+04 0.225259351E+04 0.221042554E+04
 0.216174768E+04 0.210656006E+04 0.204486249E+04 0.197665515E+04 0.190193805E+04
 0.182071100E+04 0.173297412E+04 0.163872748E+04 0.153797095E+04 0.143070459E+04
 0.131692835E+04 0.119664239E+04 0.106984650E+04 0.936540772E+03 0.796725250E+03
 0.650399872E+03 0.497564667E+03 0.338219604E+03 0.172364723E+03 0.000000000E+00
-0.627578282E+01-0.607357836E+01-0.587470055E+01-0.567914915E+01-0.548692441E+01
-0.529802609E+01-0.511245418E+01-0.493020868E+01-0.475128961E+01-0.457569718E+01
-0.440343094E+01-0.423449135E+01-0.406887841E+01-0.390659154E+01-0.374763131E+01
-0.359199750E+01-0.343969035E+01-0.329070950E+01-0.314505517E+01-0.300272739E+01
-0.286372590E+01-0.272805095E+01-0.259570241E+01-0.246668041E+01-0.234098494E+01
-0.221861577E+01-0.209957314E+01-0.198385704E+01-0.187146741E+01-0.176240420E+01
-0.165666741E+01-0.155425715E+01-0.145517337E+01-0.135941601E+01-0.126698512E+01
-0.117788070E+01-0.109210277E+01-0.100965130E+01-0.930526257E+00-0.854727715E+00
-0.782255620E+00-0.713110000E+00-0.647290856E+00-0.584798187E+00-0.525631964E+00
-0.469792217E+00-0.417278931E+00-0.368092105E+00-0.322231755E+00-0.279697880E+00
-0.240490459E+00-0.204609506E+00-0.172055021E+00-0.142827004E+00-0.116925456E+00
-0.943503715E-01-0.751017518E-01-0.591796003E-01-0.465839151E-01-0.373146962E-01
-0.313719437E-01-0.287556564E-01-0.294658375E-01-0.335024827E-01-0.408655966E-01
 0.421306836E+05 0.409926719E+05 0.398546602E+05 0.387166484E+05 0.375786367E+05
 0.364406250E+05 0.353026133E+05 0.341646016E+05 0.330265918E+05 0.318885791E+05
 0.307505684E+05 0.296125566E+05 0.284745449E+05 0.273365342E+05 0.261985225E+05
 0.250605107E+05 0.239224990E+05 0.227844883E+05 0.216464766E+05 0.205084648E+05
 0.193704531E+05 0.182324424E+05 0.170944307E+05 0.159564189E+05 0.148184072E+05
 0.136803960E+05 0.125423843E+05 0.114043730E+05 0.102663613E+05 0.912835008E+04
 0.799033812E+04 0.685232690E+04 0.571431543E+04 0.457630396E+04 0.343829248E+04
 0.230028093E+04 0.116226942E+04 0.242579269E+02-0.111375352E+04-0.225176508E+04
-0.338977650E+04-0.452778798E+04-0.566579932E+04-0.680381080E+04-0.794182227E+04
-0.907983397E+04-0.102178452E+05-0.113558569E+05-0.124938687E+05-0.136318799E+05
-0.147698916E+05-0.159079023E+05-0.170459141E+05-0.181839258E+05-0.193219365E+05
-0.204599482E+05-0.215979609E+05-0.227359727E+05-0.238739834E+05-0.250119951E+05
-0.261500068E+05-0.272880176E+05-0.284260293E+05-0.295640410E+05-0.307020527E+05
 2.109301313e-01 2.087597847e-01 2.063191533e-01 2.035342305e-01 2.004337907e-01
 1.971331387e-01 1.937934979e-01 1.905810385e-01 1.884142235e-01 1.882217079e-01
 1.881161481e-01 1.873377114e-01 1.862969921e-01 1.856919005e-01 1.854234263e-01
 1.854553744e-01 1.857853010e-01 1.864312887e-01 1.874430776e-01 1.889265552e-01
 1.910877451e-01 1.932850704e-01 1.950342953e-01 1.965142265e-01 1.978282557e-01
 1.990392580e-01 2.001850828e-01 2.012823522e-01 2.023236156e-01 2.032783254e-01
 2.044791580e-01 2.060213014e-01 2.078402340e-01 2.099117189e-01 2.121979818e-01
 2.146919965e-01 2.172380537e-01 2.194875479e-01 2.215044872e-01 2.233536839e-01
 2.251019553e-01 2.268125266e-01 2.285373583e-01 2.303126306e-01 2.321587801e-01
 2.340832875e-01 2.360839770e-01 2.381516994e-01 2.402722985e-01 2.424280048e-01
 2.445983290e-01 2.467609719e-01 2.488924936e-01 2.509691343e-01 2.529676705e-01
 2.548662424e-01 2.566452771e-01 2.582882195e-01 2.597821206e-01 2.611180693e-01
 2.622912974e-01 2.633009852e-01 2.641499042e-01 2.648438364e-01 2.653909027e-01
 2.079868912e-01 2.050070688e-01 2.017728090e-01 1.982096433e-01 1.943083256e-01
 1.901521087e-01 1.864063516e-01 1.840250269e-01 1.832201033e-01 1.840570866e-01
 1.847455874e-01 1.847861036e-01 1.845371723e-01 1.843483225e-01 1.843127981e-01
 1.844691485e-01 1.848468556e-01 1.854771078e-01 1.863971651e-01 1.876486688e-01
 1.892414837e-01 1.909251735e-01 1.924728677e-01 1.938893572e-01 1.952058301e-01
 1.964492351e-01 1.976362913e-01 1.987700313e-01 1.998340339e-01 2.007951289e-01
 2.019712999e-01 2.034678832e-01 2.052418664e-01 2.072835788e-01 2.095895484e-01
 2.121827453e-01 2.149148286e-01 2.174608857e-01 2.198751346e-01 2.222039476e-01
 2.244880348e-01 2.267636284e-01 2.290610820e-01 2.314033433e-01 2.338051572e-01
 2.362730727e-01 2.388061956e-01 2.413969711e-01 2.440320775e-01 2.466931641e-01
 2.493576333e-01 2.519993484e-01 2.545896471e-01 2.570983917e-01 2.594953329e-01
 2.617516369e-01 2.638414204e-01 2.657431960e-01 2.674410045e-01 2.689251304e-01
 2.701922357e-01 2.712450773e-01 2.720915676e-01 2.727438062e-01 2.732166797e-01
 2.052783668e-01 2.018533274e-01 1.981151477e-01 1.938797011e-01 1.890677884e-01
 1.852578893e-01 1.828165948e-01 1.818062216e-01 1.822761744e-01 1.830476597e-01
 1.835844814e-01 1.838693097e-01 1.840006784e-01 1.840901673e-01 1.842243224e-01
 1.844616607e-01 1.848414987e-01 1.853904127e-01 1.861232295e-01 1.870378331e-01
 1.881057621e-01 1.892721281e-01 1.904805004e-01 1.916968673e-01 1.929090769e-01
 1.941167414e-01 1.953238472e-01 1.965350435e-01 1.977564394e-01 1.990145743e-01
 2.004183084e-01 2.020375059e-01 2.038815393e-01 2.059500590e-01 2.082402632e-01
 2.107401415e-01 2.133679538e-01 2.160140052e-01 2.186621651e-01 2.213217765e-01
 2.240081131e-01 2.267377152e-01 2.295258045e-01 2.323844656e-01 2.353213579e-01
 2.383389324e-01 2.414338664e-01 2.445969210e-01 2.478126660e-01 2.510595843e-01
 2.543101310e-01 2.575311065e-01 2.606846094e-01 2.637292593e-01 2.666223943e-01
 2.693225891e-01 2.717925012e-01 2.740016728e-01 2.759288102e-01 2.775630206e-01
 2.789041251e-01 2.799617051e-01 2.807532549e-01 2.813019306e-01 2.816339881e-01
 2.028599754e-01 1.993513406e-01 1.956507563e-01 1.916117072e-01 1.873348131e-01
 1.845910325e-01 1.835686491e-01 1.833420247e-01 1.833062917e-01 1.833645553e-01
 1.834441871e-01 1.835108101e-01 1.835672185e-01 1.836387589e-01 1.837580875e-01
 1.839559302e-01 1.842569783e-01 1.846783086e-01 1.852284297e-01 1.859062985e-01
 1.867013500e-01 1.875961348e-01 1.885716170e-01 1.896125599e-01 1.907100753e-01
 1.918617561e-01 1.930707172e-01 1.943454742e-01 1.957012788e-01 1.971621141e-01
 1.987584009e-01 2.005174309e-01 2.024561242e-01 2.045806348e-01 2.068872228e-01
 2.093614042e-01 2.119788379e-01 2.147137820e-01 2.175494656e-01 2.204799205e-01
 2.235065476e-01 2.266345247e-01 2.298701406e-01 2.332188412e-01 2.366837263e-01
 2.402643114e-01 2.439554408e-01 2.477463186e-01 2.516193837e-01 2.555493861e-01
 2.595024109e-01 2.634352892e-01 2.672958224e-01 2.710241378e-01 2.745556087e-01
 2.778256685e-01 2.807752938e-01 2.833570243e-01 2.855395824e-01 2.873107046e-01
 2.886772901e-01 2.896630466e-01 2.903041691e-01 2.906442285e-01 2.907289416e-01
 2.004039437e-01 1.970462650e-01 1.938799471e-01 1.908305511e-01 1.880528555e-01
 1.864283010e-01 1.853236705e-01 1.845654174e-01 1.840416788e-01 1.836748720e-01
 1.834121048e-01 1.832218319e-01 1.830907613e-01 1.830191910e-01 1.830156967e-01
 1.830923706e-01 1.832612976e-01 1.835323423e-01 1.839117855e-01 1.844018474e-01
 1.850009040e-01 1.857047082e-01 1.865080372e-01 1.874065921e-01 1.883983538e-01
 1.894843877e-01 1.906691566e-01 1.919606030e-01 1.933700740e-01 1.949116737e-01
 1.966006607e-01 1.984510868e-01 2.004735917e-01 2.026741355e-01 2.050536499e-01
 2.076085136e-01 2.103320658e-01 2.132169754e-01 2.162576691e-01 2.194516435e-01
 2.227994725e-01 2.263039797e-01 2.299690917e-01 2.337986678e-01 2.377952561e-01
 2.419589609e-01 2.462860793e-01 2.507676258e-01 2.553873956e-01 2.601196319e-01
 2.649262697e-01 2.697539180e-01 2.745314985e-01 2.791698426e-01 2.835653722e-01
 2.876086236e-01 2.911971062e-01 2.942487448e-01 2.967127710e-01 2.985756844e-01
 2.998612970e-01 3.006247579e-01 3.009416163e-01 3.008948565e-01 3.005640506e-01
 1.969779134e-01 1.934285611e-01 1.914048940e-01 1.898146645e-01 1.882770880e-01
 1.869437546e-01 1.858427077e-01 1.849465668e-01 1.842173488e-01 1.836208552e-01
 1.831306070e-01 1.827287748e-01 1.824058294e-01 1.821591555e-01 1.819912121e-01
 1.819075421e-01 1.819150075e-01 1.820203141e-01 1.822292208e-01 1.825460046e-01
 1.829734818e-01 1.835134402e-01 1.841671988e-01 1.849364192e-01 1.858237312e-01
 1.868331581e-01 1.879704669e-01 1.892431379e-01 1.906601637e-01 1.922315732e-01
 1.939676777e-01 1.958781629e-01 1.979712919e-01 2.002532854e-01 2.027281970e-01
 2.053981722e-01 2.082640901e-01 2.113264575e-01 2.145862803e-01 2.180457562e-01
 2.217084542e-01 2.255793140e-01 2.296642065e-01 2.339694650e-01 2.385011688e-01
 2.432643249e-01 2.482617422e-01 2.534925044e-01 2.589496524e-01 2.646167279e-01
 2.704624683e-01 2.764330059e-01 2.824417501e-01 2.883591056e-01 2.940101027e-01
 2.991903276e-01 3.037009090e-01 3.073853999e-01 3.101531566e-01 3.119900971e-01
 3.129606694e-01 3.131961524e-01 3.128636330e-01 3.121273815e-01 3.111232370e-01
 1.942546666e-01 1.906088517e-01 1.891330778e-01 1.883472353e-01 1.874261051e-01
 1.864687502e-01 1.855400876e-01 1.846721247e-01 1.838769391e-01 1.831567734e-01
 1.825103164e-01 1.819361895e-01 1.814345419e-01 1.810076610e-01 1.806597784e-01
 1.803965866e-01 1.802246198e-01 1.801506654e-01 1.801813319e-01 1.803227439e-01
 1.805805415e-01 1.809599474e-01 1.814660282e-01 1.821039915e-01 1.828794405e-01
 1.837986410e-01 1.848686039e-01 1.860971302e-01 1.874926240e-01 1.890638992e-01
 1.908198147e-01 1.927688792e-01 1.949189752e-01 1.972770765e-01 1.998492628e-01
 2.026408539e-01 2.056567073e-01 2.089016437e-01 2.123809159e-01 2.161005959e-01
 2.200678512e-01 2.242911457e-01 2.287802994e-01 2.335464730e-01 2.386021167e-01
 2.439607456e-01 2.496366948e-01 2.556444705e-01 2.619975507e-01 2.687059938e-01
 2.757715433e-01 2.831772417e-01 2.908655107e-01 2.986926287e-01 3.063605278e-01
 3.134118617e-01 3.193937837e-01 3.240048736e-01 3.270911127e-01 3.286235481e-01
 3.287346065e-01 3.277626038e-01 3.261453956e-01 3.242227287e-01 3.221899568e-01
 1.926475763e-01 1.890048012e-01 1.877714769e-01 1.872328595e-01 1.865417883e-01
 1.857530772e-01 1.849113628e-01 1.840516552e-01 1.831994131e-01 1.823726819e-01
 1.815845445e-01 1.808452010e-01 1.801634058e-01 1.795474440e-01 1.790055335e-01
 1.785460413e-01 1.781774238e-01 1.779081300e-01 1.777465120e-01 1.777006760e-01
 1.777785494e-01 1.779878810e-01 1.783362851e-01 1.788314507e-01 1.794811859e-01
 1.802935302e-01 1.812768205e-01 1.824396476e-01 1.837908029e-01 1.853391603e-01
 1.870935335e-01 1.890624985e-01 1.912543252e-01 1.936768666e-01 1.963376031e-01
 1.992438063e-01 2.024026663e-01 2.058216482e-01 2.095087991e-01 2.134730518e-01
 2.177246436e-01 2.222754135e-01 2.271392494e-01 2.323324829e-01 2.378744558e-01
 2.437882199e-01 2.501013950e-01 2.568474413e-01 2.640672475e-01 2.718114108e-01
 2.801434100e-01 2.891442925e-01 2.989200354e-01 3.096115440e-01 3.212501109e-01
 3.319822401e-01 3.403524757e-01 3.463257850e-01 3.498222232e-01 3.506545573e-01
 3.485417514e-01 3.443036973e-01 3.402221501e-01 3.365174234e-01 3.331442476e-01
 1.919423192e-01 1.883246004e-01 1.870824098e-01 1.865789220e-01 1.859164387e-01
 1.851288080e-01 1.842507720e-01 1.833147779e-01 1.823490187e-01 1.813771426e-01
 1.804187372e-01 1.794902980e-01 1.786060631e-01 1.777787953e-01 1.770203262e-01
 1.763418615e-01 1.757542490e-01 1.752680614e-01 1.748936698e-01 1.746412217e-01
 1.745207161e-01 1.745420247e-01 1.747148856e-01 1.750490070e-01 1.755540521e-01
 1.762396843e-01 1.771155894e-01 1.781914234e-01 1.794767827e-01 1.809811816e-01
 1.827139407e-01 1.846841649e-01 1.869007052e-01 1.893721670e-01 1.921069846e-01
 1.951135770e-01 1.984004527e-01 2.019765675e-01 2.058515177e-01 2.100359201e-01
 2.145418673e-01 2.193833515e-01 2.245768904e-01 2.301422431e-01 2.361034602e-01
 2.424901203e-01 2.493392601e-01 2.566979378e-01 2.646271587e-01 2.732079029e-01
 2.825506627e-01 2.928120196e-01 3.042243719e-01 3.171464354e-01 3.317946345e-01
 3.451596499e-01 3.555487842e-01 3.629329652e-01 3.672278971e-01 3.681024611e-01
 3.653479367e-01 3.591358363e-01 3.528908193e-01 3.475205004e-01 3.429024965e-01
 1.919597983e-01 1.883459389e-01 1.870209724e-01 1.864326447e-01 1.856608465e-01
 1.847376525e-01 1.837015972e-01 1.825878099e-01 1.814267412e-01 1.802443116e-01
 1.790626198e-01 1.779007539e-01 1.767755524e-01 1.757022366e-01 1.746949255e-01
 1.737669706e-01 1.729312093e-01 1.722001434e-01 1.715860590e-01 1.711010187e-01
 1.707569882e-01 1.705657840e-01 1.705391035e-01 1.706884951e-01 1.710253731e-01
 1.715609952e-01 1.723064184e-01 1.732725202e-01 1.744699329e-01 1.759089828e-01
 1.775997132e-01 1.795518472e-01 1.817747653e-01 1.842775718e-01 1.870692149e-01
 1.901585608e-01 1.935546324e-01 1.972667872e-01 2.013050094e-01 2.056802437e-01
 2.104048132e-01 2.154929191e-01 2.209612652e-01 2.268298939e-01 2.331232131e-01
 2.398714572e-01 2.471125648e-01 2.548948675e-01 2.632808089e-01 2.723520547e-01
 2.822168469e-01 2.930191905e-01 3.049495817e-01 3.182501048e-01 3.331906646e-01
 3.481992334e-01 3.601339162e-01 3.688153177e-01 3.742371499e-01 3.763581514e-01
 3.748777061e-01 3.697596192e-01 3.621619492e-01 3.557050079e-01 3.503158838e-01
 1.926734746e-01 1.890258789e-01 1.876894757e-01 1.868947447e-01 1.858532578e-01
 1.846429483e-01 1.833173111e-01 1.819157228e-01 1.804685146e-01 1.790003925e-01
 1.775324196e-01 1.760831774e-01 1.746696233e-01 1.733075529e-01 1.720119938e-01
 1.707974821e-01 1.696782261e-01 1.686682701e-01 1.677815616e-01 1.670319661e-01
 1.664332896e-01 1.659992933e-01 1.657435893e-01 1.656796261e-01 1.658205540e-01
 1.661792620e-01 1.667682827e-01 1.675997898e-01 1.686855331e-01 1.700368151e-01
 1.716644317e-01 1.735786497e-01 1.757892146e-01 1.783054172e-01 1.811362058e-01
 1.842903272e-01 1.877764761e-01 1.916035116e-01 1.957806573e-01 2.003178001e-01
 2.052258178e-01 2.105170339e-01 2.162056938e-01 2.223086133e-01 2.288459987e-01
 2.358423993e-01 2.433280498e-01 2.513404489e-01 2.599263936e-01 2.691443860e-01
 2.790675163e-01 2.897861302e-01 3.014101982e-01 3.140706122e-01 3.279218524e-01
 3.430767060e-01 3.561466038e-01 3.659428060e-01 3.725263328e-01 3.759258837e-01
 3.762478829e-01 3.731672764e-01 3.666837215e-01 3.598908931e-01 3.544747830e-01
 1.947566941e-01 1.912723183e-01 1.894743368e-01 1.880839691e-01 1.864989102e-01
 1.848119647e-01 1.830597371e-01 1.812654361e-01 1.794477403e-01 1.776234135e-01
 1.758082657e-01 1.740176677e-01 1.722666771e-01 1.705702543e-01 1.689433455e-01
 1.674009338e-01 1.659581140e-01 1.646301671e-01 1.634325013e-01 1.623807177e-01
 1.614905372e-01 1.607777775e-01 1.602582186e-01 1.599473357e-01 1.598601714e-01
 1.600113212e-01 1.604148821e-01 1.610844284e-01 1.620329842e-01 1.632729099e-01
 1.648158505e-01 1.666725427e-01 1.688528731e-01 1.713658497e-01 1.742199287e-01
 1.774231642e-01 1.809832975e-01 1.849078535e-01 1.892043501e-01 1.938804239e-01
 1.989441440e-01 2.044042423e-01 2.102703750e-01 2.165535316e-01 2.232663333e-01
 2.304234653e-01 2.380420492e-01 2.461419404e-01 2.547459901e-01 2.638798058e-01
 2.735711634e-01 2.838483751e-01 2.947379201e-01 3.062614948e-01 3.184372931e-01
 3.313061595e-01 3.442270756e-01 3.540796935e-01 3.612101227e-01 3.658041209e-01
 3.677790612e-01 3.673415035e-01 3.641972094e-01 3.589653223e-01 3.548468203e-01
 1.978069395e-01 1.947683245e-01 1.920555084e-01 1.896121874e-01 1.872989535e-01
 1.850313991e-01 1.827778295e-01 1.805288568e-01 1.782853081e-01 1.760533453e-01
 1.738422737e-01 1.716633961e-01 1.695293784e-01 1.674539373e-01 1.654515713e-01
 1.635374874e-01 1.617275253e-01 1.600380540e-01 1.584859937e-01 1.570887193e-01
 1.558640153e-01 1.548301876e-01 1.540060341e-01 1.534094661e-01 1.530575380e-01
 1.529665366e-01 1.531521752e-01 1.536295861e-01 1.544132755e-01 1.555170119e-01
 1.569535584e-01 1.587343290e-01 1.608690172e-01 1.633653269e-01 1.662306562e-01
 1.694720238e-01 1.730958149e-01 1.771076545e-01 1.815125942e-01 1.863152981e-01
 1.915200799e-01 1.971310527e-01 2.031521722e-01 2.095873356e-01 2.164402977e-01
 2.237145304e-01 2.314128503e-01 2.395367771e-01 2.480854392e-01 2.570536584e-01
 2.664290517e-01 2.761871963e-01 2.862838655e-01 2.966415584e-01 3.071234823e-01
 3.174763322e-01 3.272289783e-01 3.357769102e-01 3.427518904e-01 3.480274380e-01
 3.515885175e-01 3.535018116e-01 3.539570868e-01 3.533720076e-01 3.523342014e-01
 1.995393113e-01 1.965021565e-01 1.934987456e-01 1.905900985e-01 1.877705976e-01
 1.850079074e-01 1.822793707e-01 1.795729101e-01 1.768847705e-01 1.742171049e-01
 1.715761721e-01 1.689712256e-01 1.664136797e-01 1.639166772e-01 1.614947095e-01
 1.591634527e-01 1.569396034e-01 1.548408121e-01 1.528856010e-01 1.510933935e-01
 1.494836062e-01 1.480771080e-01 1.469004601e-01 1.459740922e-01 1.453163102e-01
 1.449446157e-01 1.448761597e-01 1.451277659e-01 1.457158550e-01 1.466563196e-01
 1.479642466e-01 1.496531740e-01 1.517330557e-01 1.542045921e-01 1.570741907e-01
 1.603488251e-01 1.640338748e-01 1.681323201e-01 1.726463065e-01 1.775770709e-01
 1.829248294e-01 1.886887327e-01 1.948668883e-01 2.014561817e-01 2.084519714e-01
 2.158476189e-01 2.236337364e-01 2.317970917e-01 2.403190062e-01 2.491730824e-01
 2.583219260e-01 2.677125484e-01 2.772699744e-01 2.868886440e-01 2.964220495e-01
 3.056751639e-01 3.144117146e-01 3.223899006e-01 3.294121623e-01 3.353549837e-01
 3.401728422e-01 3.438953907e-01 3.466258050e-01 3.485296666e-01 3.497984707e-01
 2.005109936e-01 1.973773166e-01 1.941739842e-01 1.909665539e-01 1.877816543e-01
 1.846138015e-01 1.814579889e-01 1.783119813e-01 1.751770079e-01 1.720576063e-01
 1.689611897e-01 1.658976450e-01 1.628788933e-01 1.599186286e-01 1.570320725e-01
 1.542358474e-01 1.515477822e-01 1.489870474e-01 1.465738713e-01 1.443325952e-01
 1.422793791e-01 1.404226422e-01 1.388385892e-01 1.375357285e-01 1.365286261e-01
 1.358345374e-01 1.354718059e-01 1.354591697e-01 1.358153894e-01 1.365594566e-01
 1.377112567e-01 1.392934770e-01 1.413362696e-01 1.437799930e-01 1.466485410e-01
 1.499565690e-01 1.537111401e-01 1.579069793e-01 1.625433862e-01 1.676189080e-01
 1.731293499e-01 1.790690422e-01 1.854306832e-01 1.922051087e-01 1.993808672e-01
 2.069436312e-01 2.148753926e-01 2.231533900e-01 2.317487076e-01 2.406244129e-01
 2.497332991e-01 2.590151429e-01 2.683936805e-01 2.777740062e-01 2.870413661e-01
 2.960632592e-01 3.046970963e-01 3.128032684e-01 3.202602715e-01 3.269772530e-01
 3.329009115e-01 3.380172402e-01 3.423484117e-01 3.459447921e-01 3.488723486e-01
 2.010909469e-01 1.978208869e-01 1.944108531e-01 1.909319237e-01 1.874181331e-01
 1.838753894e-01 1.803097352e-01 1.767278612e-01 1.731375158e-01 1.695477739e-01
 1.659691409e-01 1.624136269e-01 1.588947774e-01 1.554277093e-01 1.520290374e-01
 1.487167701e-01 1.455096527e-01 1.424292773e-01 1.394869238e-01 1.367552205e-01
 1.342447772e-01 1.319745705e-01 1.299728379e-01 1.282636374e-01 1.268698350e-01
 1.258139648e-01 1.251182184e-01 1.248042583e-01 1.248929427e-01 1.254040412e-01
 1.263559386e-01 1.277649850e-01 1.296437010e-01 1.319957747e-01 1.348323525e-01
 1.381696910e-01 1.420328766e-01 1.463481784e-01 1.511310934e-01 1.563843713e-01
 1.620949060e-01 1.682526470e-01 1.748456210e-01 1.818600296e-01 1.892795190e-01
 1.970847397e-01 2.052526474e-01 2.137556895e-01 2.225608677e-01 2.316285446e-01
 2.409110964e-01 2.503516972e-01 2.598831803e-01 2.694275379e-01 2.788965702e-01
 2.881939709e-01 2.972193063e-01 3.058733494e-01 3.140640110e-01 3.217115700e-01
 3.287521154e-01 3.351391852e-01 3.408433496e-01 3.458501250e-01 3.501570821e-01
 2.014933898e-01 1.980627701e-01 1.944271102e-01 1.906616092e-01 1.868056953e-01
 1.828744188e-01 1.788828894e-01 1.748454422e-01 1.707756146e-01 1.666866765e-01
 1.625921205e-01 1.585061252e-01 1.544439048e-01 1.504221261e-01 1.464594231e-01
 1.425775662e-01 1.387886330e-01 1.351630315e-01 1.317142024e-01 1.284682676e-01
 1.254501641e-01 1.226861328e-01 1.202041842e-01 1.180324964e-01 1.161989942e-01
 1.147310771e-01 1.136553026e-01 1.129970401e-01 1.127800532e-01 1.130261049e-01
 1.137545332e-01 1.149817817e-01 1.167210080e-01 1.189819910e-01 1.217728890e-01
 1.251000464e-01 1.289664358e-01 1.333667413e-01 1.383066103e-01 1.438036114e-01
 1.497678683e-01 1.562031135e-01 1.630921960e-01 1.704189106e-01 1.781637967e-01
 1.863046587e-01 1.948161051e-01 2.036691532e-01 2.128307000e-01 2.222628743e-01
 2.319223135e-01 2.417595461e-01 2.517185062e-01 2.617364228e-01 2.717441321e-01
 2.816669941e-01 2.914261966e-01 3.009405882e-01 3.101283312e-01 3.189084083e-01
 3.272017687e-01 3.349321931e-01 3.420273066e-01 3.484202772e-01 3.540523798e-01
 2.019124776e-01 1.983135342e-01 1.944240928e-01 1.903227344e-01 1.860708147e-01
 1.817005500e-01 1.772380472e-01 1.727039441e-01 1.681153998e-01 1.634878665e-01
 1.588362232e-01 1.541755274e-01 1.495214254e-01 1.448902413e-01 1.402988062e-01
 1.358176917e-01 1.314599513e-01 1.272514091e-01 1.232179925e-01 1.193880550e-01
 1.157916560e-01 1.124603338e-01 1.094268485e-01 1.067245268e-01 1.043867134e-01
 1.024462208e-01 1.009347551e-01 9.988234559e-02 9.931681684e-02 9.926323223e-02
 9.974343705e-02 1.007756442e-01 1.023741812e-01 1.045494601e-01 1.073081754e-01
 1.106534191e-01 1.145847403e-01 1.190985107e-01 1.241901405e-01 1.298535391e-01
 1.360772550e-01 1.428686306e-01 1.501277611e-01 1.578509732e-01 1.660135313e-01
 1.745920777e-01 1.835601777e-01 1.928891986e-01 2.025482058e-01 2.125035152e-01
 2.227183058e-01 2.331520542e-01 2.437602803e-01 2.544941604e-01 2.653002888e-01
 2.761203348e-01 2.868906855e-01 2.975416184e-01 3.079961687e-01 3.181684613e-01
 3.279618770e-01 3.372677415e-01 3.459657580e-01 3.539275973e-01 3.610250353e-01
 2.026499138e-01 1.989082620e-01 1.946620718e-01 1.900812760e-01 1.853135526e-01
 1.804163084e-01 1.754168644e-01 1.703329086e-01 1.651788949e-01 1.599683985e-01
 1.547152252e-01 1.494339854e-01 1.441403479e-01 1.388512329e-01 1.336360425e-01
 1.285134181e-01 1.235051937e-01 1.186376884e-01 1.139406115e-01 1.094466820e-01
 1.051911637e-01 1.012113765e-01 9.754615644e-02 9.423521912e-02 9.131845826e-02
 8.883520961e-02 8.682348952e-02 8.531922841e-02 8.435554060e-02 8.396203065e-02
 8.416418725e-02 8.498287943e-02 8.643404389e-02 8.852848411e-02 9.127192950e-02
 9.466518456e-02 9.870446473e-02 1.033819541e-01 1.086865961e-01 1.146046855e-01
 1.211204976e-01 1.282180249e-01 1.358776390e-01 1.441012025e-01 1.527788118e-01
 1.619017347e-01 1.714393273e-01 1.813636869e-01 1.916474699e-01 2.022628560e-01
 2.131810114e-01 2.243716866e-01 2.358029262e-01 2.474406138e-01 2.592478693e-01
 2.711839377e-01 2.832026482e-01 2.952496708e-01 3.072587699e-01 3.191463053e-01
 3.308041543e-01 3.420916349e-01 3.528290094e-01 3.627977073e-01 3.717540800e-01
 2.040494383e-01 2.003348097e-01 1.953079776e-01 1.899239421e-01 1.845032722e-01
 1.790036708e-01 1.734150052e-01 1.677378342e-01 1.619776487e-01 1.561429873e-01
 1.502448693e-01 1.442965418e-01 1.383133158e-01 1.323616281e-01 1.264591515e-01
 1.206277199e-01 1.148933992e-01 1.092865766e-01 1.038416885e-01 9.859689698e-02
 9.359361982e-02 8.887596425e-02 8.449008313e-02 8.048338818e-02 7.690368217e-02
 7.379824665e-02 7.121285799e-02 6.919078151e-02 6.777184084e-02 6.699148944e-02
 6.688001746e-02 6.746189666e-02 6.875530258e-02 7.077185062e-02 7.351654774e-02
 7.698797062e-02 8.117869121e-02 8.607593179e-02 9.166235110e-02 9.791708365e-02
 1.048167832e-01 1.123369486e-01 1.204530224e-01 1.291425527e-01 1.383817420e-01
 1.481717154e-01 1.583902389e-01 1.690177619e-01 1.800342426e-01 1.914197952e-01
 2.031548470e-01 2.152204364e-01 2.275984734e-01 2.402716056e-01 2.532227784e-01
 2.664342224e-01 2.798856348e-01 2.935509831e-01 3.073934019e-01 3.213566244e-01
 3.353513032e-01 3.492335528e-01 3.627731055e-01 3.756179512e-01 3.872908950e-01
 2.046519666e-01 2.007732541e-01 1.953667849e-01 1.894474104e-01 1.834585741e-01
 1.773805395e-01 1.712007448e-01 1.649145185e-01 1.585229710e-01 1.520313695e-01
 1.454484984e-01 1.387870162e-01 1.321102232e-01 1.254329607e-01 1.187750548e-01
 1.121613308e-01 1.056217290e-01 9.919124472e-02 9.290976077e-02 8.682174986e-02
 8.097577834e-02 7.542390379e-02 7.022088760e-02 6.542327252e-02 6.108833099e-02
 5.727291849e-02 5.403221771e-02 5.141851114e-02 4.947991113e-02 4.825919686e-02
 4.779276249e-02 4.810974564e-02 4.923135971e-02 5.117051300e-02 5.393170385e-02
 5.751120858e-02 6.189758150e-02 6.707243988e-02 7.301150638e-02 7.968590042e-02
 8.706359941e-02 9.511109808e-02 1.037952266e-01 1.130851768e-01 1.229546219e-01
 1.333854944e-01 1.443673595e-01 1.557810530e-01 1.676114426e-01 1.798462271e-01
 1.924737841e-01 2.054857164e-01 2.188780456e-01 2.326516211e-01 2.468124182e-01
 2.613714933e-01 2.763444185e-01 2.917502224e-01 3.076085002e-01 3.239342570e-01
 3.407273144e-01 3.579512537e-01 3.754846305e-01 3.929737210e-01 4.093977064e-01
 2.048396171e-01 2.007475347e-01 1.949467211e-01 1.886125953e-01 1.821443141e-01
 1.755354702e-01 1.687830761e-01 1.618868337e-01 1.548491046e-01 1.476743370e-01
 1.403676942e-01 1.329942719e-01 1.255661621e-01 1.180999129e-01 1.106174550e-01
 1.031465381e-01 9.572096175e-02 8.838060501e-02 8.117133009e-02 7.414464283e-02
 6.735722724e-02 6.087023023e-02 5.474838242e-02 4.905889550e-02 4.387018830e-02
 3.925047064e-02 3.526620386e-02 3.198050981e-02 2.945158543e-02 2.773119416e-02
 2.686329000e-02 2.688286267e-02 2.781505598e-02 2.967462124e-02 3.246572425e-02
 3.618215217e-02 4.080789717e-02 4.631811561e-02 5.268042529e-02 5.985649116e-02
 6.780387083e-02 7.647803053e-02 8.583451435e-02 9.583123404e-02 1.064308100e-01
 1.176029854e-01 1.293267905e-01 1.415932848e-01 1.542932391e-01 1.674298718e-01
 1.809903085e-01 1.949729695e-01 2.093862593e-01 2.242485583e-01 2.395889461e-01
 2.554486394e-01 2.718830108e-01 2.889641970e-01 3.067845256e-01 3.254609108e-01
 3.451416641e-01 3.660181016e-01 3.883501589e-01 4.125265181e-01 4.375888556e-01
 2.047224268e-01 2.003817037e-01 1.943230777e-01 1.876035780e-01 1.806800887e-01
 1.735559702e-01 1.662353202e-01 1.587233767e-01 1.510267108e-01 1.431537942e-01
 1.351168603e-01 1.269765869e-01 1.187406183e-01 1.104245297e-01 1.020512208e-01
 9.365087372e-02 8.526102078e-02 7.692657789e-02 6.869975105e-02 6.063972969e-02
 5.281217949e-02 4.528847156e-02 3.814465550e-02 3.146018463e-02 2.531637903e-02
 1.979470067e-02 1.497486234e-02 1.093283162e-02 7.738836604e-03 5.455427279e-03
 4.135715310e-03 3.821860737e-03 4.543906369e-03 6.319020584e-03 9.151204460e-03
 1.303148639e-02 1.793861017e-02 2.384019090e-02 3.069429571e-02 3.845138481e-02
 4.705653340e-02 5.645185712e-02 6.657905501e-02 7.738197601e-02 8.880909163e-02
 1.008158476e-01 1.133665182e-01 1.264354772e-01 1.400068552e-01 1.541036740e-01
 1.686151252e-01 1.835512370e-01 1.989336535e-01 2.147960067e-01 2.311859205e-01
 2.481683045e-01 2.658297718e-01 2.842847854e-01 3.036841303e-01 3.242269158e-01
 3.461780548e-01 3.698943407e-01 3.958662301e-01 4.247961044e-01 4.551191031e-01
 2.046825290e-01 2.000983655e-01 1.937316730e-01 1.866182461e-01 1.792285219e-01
 1.715742051e-01 1.636666805e-01 1.555164382e-01 1.471321360e-01 1.385200769e-01
 1.297403947e-01 1.208012700e-01 1.117144413e-01 1.024976150e-01 9.317571291e-02
 8.378164095e-02 7.435678324e-02 6.495123362e-02 5.562386286e-02 4.644206542e-02
 3.748126517e-02 2.882408354e-02 2.055918516e-02 1.277979190e-02 5.581878329e-03
-9.379164258e-04-6.684599270e-03-1.156727789e-02-1.550166309e-02-1.841250344e-02
-2.023584029e-02-2.092094070e-02-2.043183433e-02-1.874832157e-02-1.586641424e-02
-1.179815264e-02-6.570809986e-03-2.255095169e-04 7.184691553e-03 1.559715025e-02
 2.494232912e-02 3.514670575e-02 4.613581108e-02 5.783726092e-02 7.018374279e-02
 8.311585715e-02 9.658484531e-02 1.105552614e-01 1.250079423e-01 1.399440616e-01
 1.553834155e-01 1.712096184e-01 1.874570251e-01 2.041680068e-01 2.213983015e-01
 2.392219827e-01 2.577370406e-01 2.770726978e-01 2.973993868e-01 3.189424425e-01
 3.420005739e-01 3.669694364e-01 3.943666219e-01 4.248444289e-01 4.575897753e-01
 2.050189525e-01 2.002191917e-01 1.934148073e-01 1.858689710e-01 1.779655292e-01
 1.697333529e-01 1.611980497e-01 1.523769497e-01 1.432820037e-01 1.339241043e-01
 1.243567466e-01 1.145808213e-01 1.046050378e-01 9.444616729e-02 8.412964639e-02
 7.369033241e-02 6.317299043e-02 5.263275275e-02 4.213522002e-02 3.175631637e-02
 2.158181093e-02 1.170643183e-02 2.232591272e-03-6.731322268e-03-1.507305022e-02
-2.267894795e-02-2.943677173e-02-3.523867019e-02-3.998427279e-02-4.358371723e-02
-4.596048599e-02-4.705385302e-02-4.682086411e-02-4.523766221e-02-4.230010131e-02
-3.802360964e-02-3.244226243e-02-2.560713046e-02-1.758399603e-02-8.450511144e-03
 1.707028270e-03 1.279717268e-02 2.472691791e-02 3.740529905e-02 5.074688786e-02
 6.467512622e-02 7.912554962e-02 9.404895085e-02 1.094147563e-01 1.252149678e-01
 1.414693222e-01 1.580756977e-01 1.750520691e-01 1.924311444e-01 2.102605402e-01
 2.286050022e-01 2.475499735e-01 2.672068327e-01 2.877203971e-01 3.092797100e-01
 3.321342171e-01 3.566189558e-01 3.831953704e-01 4.125130623e-01 4.440342635e-01
 2.057510838e-01 2.007261812e-01 1.937125847e-01 1.856102944e-01 1.770486980e-01
 1.681403369e-01 1.589144916e-01 1.493793950e-01 1.395343542e-01 1.294304803e-01
 1.190640330e-01 1.084352620e-01 9.755120426e-02 8.642742786e-02 7.508927950e-02
 6.357289472e-02 5.192596652e-02 4.020832104e-02 2.849218153e-02 1.686212327e-02
 5.414605665e-03-5.742925976e-03-1.649344483e-02-2.671226489e-02-3.626947108e-02
-4.503283458e-02-5.287111358e-02-5.965767612e-02-6.527421257e-02-6.961449233e-02
-7.258782169e-02-7.412214583e-02-7.416651395e-02-7.269278541e-02-6.969648975e-02
-6.519670779e-02-5.923501591e-02-5.187356842e-02-4.319233628e-02-3.328574455e-02
-2.225882566e-02-1.022309015e-02 2.707688749e-03 1.642163142e-02 3.081271148e-02
 4.578442121e-02 6.125310814e-02 7.715092969e-02 9.342848882e-02 1.100569778e-01
 1.270296350e-01 1.443615109e-01 1.619616449e-01 1.798530296e-01 1.980684773e-01
 2.166518718e-01 2.356592342e-01 2.551599741e-01 2.752386332e-01 2.959969341e-01
 3.175566792e-01 3.400648683e-01 3.637080640e-01 3.887767791e-01 4.152410924e-01
 2.081040218e-01 2.032838612e-01 1.950940267e-01 1.858401821e-01 1.764290333e-01
 1.667736396e-01 1.568340510e-01 1.465863883e-01 1.360124349e-01 1.251506545e-01
 1.139841080e-01 1.025050581e-01 9.071548283e-02 7.862793279e-02 6.626649573e-02
 5.366781360e-02 4.088189823e-02 2.797284262e-02 1.501921663e-02 2.114119212e-03
-1.063522231e-02-2.310837060e-02-3.517318706e-02-4.668796802e-02-5.750419758e-02
-6.746991357e-02-7.643357661e-02-8.424833789e-02-9.077649569e-02-9.589400148e-02
-9.949466959e-02-1.014939732e-01-1.018320918e-01-1.004760563e-01-9.742086387e-02
-9.268942481e-02-8.633137494e-02-7.842081043e-02-6.905304646e-02-5.834067983e-02
-4.640901278e-02-3.339126887e-02-1.942369432e-02-4.640803149e-03 1.082904590e-02
 2.686763738e-02 4.337036057e-02 6.024909209e-02 7.743450627e-02 9.487782046e-02
 1.125520095e-01 1.304526926e-01 1.485993489e-01 1.668924317e-01 1.853457615e-01
 2.039792165e-01 2.228151858e-01 2.418757156e-01 2.611783593e-01 2.807292641e-01
 3.005103022e-01 3.204541653e-01 3.403920532e-01 3.599391132e-01 3.783044518e-01
 2.093999163e-01 2.044770568e-01 1.956873462e-01 1.858269348e-01 1.757778302e-01
 1.654837505e-01 1.549018472e-01 1.439978779e-01 1.327433214e-01 1.211635918e-01
 1.092336140e-01 9.693918744e-02 8.427754793e-02 7.125809049e-02 5.790338857e-02
 4.425020143e-02 3.035046256e-02 1.627212251e-02 2.099714213e-03-1.206546926e-02
-2.610567867e-02-3.988762017e-02-5.326403305e-02-6.607602903e-02-7.815616211e-02
-8.933223033e-02-9.943175683e-02-1.082869023e-01-1.157397256e-01-1.216474734e-01
-1.258876287e-01-1.283624395e-01-1.290026084e-01-1.277699098e-01-1.246586255e-01
-1.196955181e-01-1.129385419e-01-1.044741944e-01-9.441379461e-02-8.288883787e-02
-7.004574680e-02-5.604030003e-02-4.103204043e-02-2.517888328e-02-8.632182173e-03
 8.467619336e-03 2.599463149e-02 4.384043260e-02 6.191622463e-02 8.015428481e-02
 9.850873423e-02 1.169556565e-01 1.354923174e-01 1.541348248e-01 1.727524847e-01
 1.913532168e-01 2.099352553e-01 2.284859344e-01 2.469771877e-01 2.653575987e-01
 2.835402339e-01 3.013850003e-01 3.186759352e-01 3.351006060e-01 3.502539843e-01
 2.097020075e-01 2.045856714e-01 1.957134828e-01 1.854906083e-01 1.750015393e-01
 1.642185897e-01 1.531089320e-01 1.416414753e-01 1.297892705e-01 1.175667568e-01
 1.049434691e-01 9.190096700e-02 7.843317831e-02 6.454719233e-02 5.026441807e-02
 3.562177718e-02 2.067292290e-02 5.489301955e-03-9.839082602e-03-2.520330617e-02
-4.047570570e-02-5.551074259e-02-7.014662772e-02-8.420781419e-02-9.750837836e-02
-1.098562405e-01-1.210582071e-01-1.309255809e-01-1.392801926e-01-1.459605321e-01
-1.508276016e-01-1.537702233e-01-1.547094062e-01-1.536014899e-01-1.504398361e-01
-1.452549323e-01-1.381129251e-01-1.291126385e-01-1.183812693e-01-1.060691290e-01
-9.234360975e-02-7.738284770e-02-6.136938927e-02-4.448415706e-02-2.690098059e-02
-8.781855286e-03 9.726936521e-03 2.849782724e-02 4.742409659e-02 6.642122942e-02
 8.542764926e-02 1.044050753e-01 1.233390608e-01 1.422406510e-01 1.609817967e-01
 1.795421690e-01 1.978987828e-01 2.160188108e-01 2.338541300e-01 2.513357624e-01
 2.683679163e-01 2.848219872e-01 3.005328625e-01 3.153011054e-01 3.289052248e-01
 2.099124938e-01 2.046430558e-01 1.955132932e-01 1.850192473e-01 1.742101386e-01
 1.630565003e-01 1.515257061e-01 1.395831406e-01 1.272475944e-01 1.144836806e-01
 1.012631059e-01 8.756722885e-02 7.338892296e-02 5.873422505e-02 4.362399131e-02
 2.809550797e-02 1.220400998e-02-3.975976724e-03-2.034961616e-02-3.680119483e-02
-5.319414660e-02-6.937184185e-02-8.515922719e-02-1.003654413e-01-1.147874520e-01
-1.282146647e-01-1.404344887e-01-1.512386129e-01-1.604297385e-01-1.678285152e-01
-1.732802243e-01-1.766608284e-01-1.778819785e-01-1.768946573e-01-1.736911908e-01
-1.683054269e-01-1.608111337e-01-1.513186544e-01-1.399701462e-01-1.269335448e-01
-1.123959199e-01-9.655630964e-02-7.961870724e-02-6.178538880e-02-4.325090724e-02
-2.419698151e-02-4.788381280e-03 1.483014927e-02 3.453595561e-02 5.422958918e-02
 7.383504504e-02 9.329921746e-02 1.125903986e-01 1.316953152e-01 1.506129056e-01
 1.691939011e-01 1.874190196e-01 2.052539140e-01 2.226495222e-01 2.395408451e-01
 2.558456064e-01 2.714637965e-01 2.862793505e-01 3.001646697e-01 3.129892051e-01
 2.100225911e-01 2.046222836e-01 1.952434703e-01 1.845693738e-01 1.735478863e-01
 1.621362120e-01 1.502993405e-01 1.380043998e-01 1.252732649e-01 1.120668984e-01
 9.835542372e-02 8.411909640e-02 6.934979191e-02 5.405276833e-02 3.824852413e-02
 2.197468287e-02 5.287788255e-03-1.173510958e-02-2.899519072e-02-4.637109305e-02
-6.371879013e-02-8.087227869e-02-9.764520085e-02-1.138335877e-01-1.292196438e-01
-1.435767412e-01-1.566753984e-01-1.682901085e-01-1.782067940e-01-1.862303540e-01
-1.921921373e-01-1.959566250e-01-1.974270864e-01-1.965496169e-01-1.933154463e-01
-1.877612322e-01-1.799672842e-01-1.700539664e-01-1.581763774e-01-1.445178539e-01
-1.292825341e-01-1.126876101e-01-9.495561203e-02-7.630718497e-02-5.695462221e-02
-3.709637930e-02-1.691276490e-02 3.437246953e-03 2.381805889e-02 4.411846405e-02
 6.425178057e-02 8.415530625e-02 1.037893706e-01 1.231365464e-01 1.422022581e-01
 1.608468220e-01 1.790359617e-01 1.967322454e-01 2.138899117e-01 2.304530144e-01
 2.463550270e-01 2.615199238e-01 2.758645713e-01 2.893028110e-01 3.017507941e-01
 2.097818182e-01 2.042167857e-01 1.949477494e-01 1.842635275e-01 1.731635332e-01
 1.616044417e-01 1.495629549e-01 1.370164231e-01 1.239915453e-01 1.104517319e-01
 9.636777636e-02 8.171975991e-02 6.649906927e-02 5.071045828e-02 3.437416820e-02
 1.752804965e-02 2.295697341e-04-1.744238101e-02-3.538603711e-02-5.347581959e-02
-7.156205917e-02-8.947162697e-02-1.070095040e-01-1.239615977e-01-1.400986835e-01
-1.551816166e-01-1.689676866e-01-1.812179088e-01-1.917048917e-01-2.002210989e-01
-2.065867334e-01-2.106571271e-01-2.123287321e-01-2.115436271e-01-2.082920223e-01
-2.026125937e-01-1.945906803e-01-1.843543798e-01-1.720688641e-01-1.579294354e-01
-1.421535090e-01-1.249723769e-01-1.066229082e-01-8.733992279e-02-6.734929603e-02
-4.686222033e-02-2.607069066e-02-5.144249968e-03 1.577204603e-02 3.655853495e-02
 5.712088014e-02 7.738914719e-02 9.731615329e-02 1.168749929e-01 1.360553280e-01
 1.548567861e-01 1.731141060e-01 1.908046082e-01 2.078929096e-01 2.243332267e-01
 2.400712669e-01 2.550463677e-01 2.691941112e-01 2.824498266e-01 2.947525382e-01
 2.094980106e-01 2.036358863e-01 1.948336587e-01 1.844102368e-01 1.732979714e-01
 1.616395041e-01 1.494551525e-01 1.367355511e-01 1.235117764e-01 1.097486467e-01
 9.541718289e-02 8.049718669e-02 6.497957936e-02 4.886867484e-02 3.218444527e-02
 1.496477978e-02-2.732372493e-03-2.082706525e-02-3.921577526e-02-5.777034161e-02
-7.633760941e-02-9.473996982e-02-1.127769463e-01-1.302279979e-01-1.468565761e-01
-1.624154747e-01-1.766534447e-01-1.893226728e-01-2.001871094e-01-2.090309933e-01
-2.156671957e-01-2.199449165e-01-2.217560112e-01-2.210397645e-01-2.177855149e-01
-2.120330856e-01-2.038708850e-01-1.934318542e-01-1.808875576e-01-1.664408743e-01
-1.503176913e-01-1.327582225e-01-1.140084527e-01-9.431212768e-02-7.390362018e-02
-5.300200920e-02-3.180640659e-02-1.049265120e-02 1.078875034e-02 3.191350866e-02
 5.278344080e-02 7.332555205e-02 9.349051869e-02 1.132507696e-01 1.325985790e-01
 1.515447124e-01 1.699194833e-01 1.876986399e-01 2.048485800e-01 2.213269695e-01
 2.370841056e-01 2.520649284e-01 2.662115246e-01 2.794663160e-01 2.917755544e-01
 2.114416212e-01 2.058772147e-01 1.963874698e-01 1.854769513e-01 1.741526723e-01
 1.623572036e-01 1.500592977e-01 1.372320057e-01 1.238998509e-01 1.100241281e-01
 9.557405853e-02 8.052843067e-02 6.487751758e-02 4.862518984e-02 3.179112726e-02
 1.441306254e-02-3.451034892e-03-2.172098780e-02-4.029278460e-02-5.903746560e-02
-7.780073961e-02-9.640347582e-02-1.146432794e-01-1.322973073e-01-1.491263359e-01
-1.648801714e-01-1.793043539e-01-1.921477169e-01-2.031708584e-01-2.121547908e-01
-2.189094574e-01-2.232815324e-01-2.251609042e-01-2.244855538e-01-2.212442158e-01
-2.154768854e-01-2.072728276e-01-1.967665627e-01-1.841317788e-01-1.695739701e-01
-1.533218995e-01-1.356188954e-01-1.167140528e-01-9.685413164e-02-7.627629855e-02
-5.520212089e-02-3.383282016e-02-1.234590868e-02 9.106879763e-03 3.040050255e-02
 5.143650254e-02 7.214210185e-02 9.246871987e-02 1.123901456e-01 1.319006309e-01
 1.510131509e-01 1.695592255e-01 1.875142456e-01 2.048438043e-01 2.215040326e-01
 2.374427170e-01 2.526010722e-01 2.669163942e-01 2.803253830e-01 2.927682846e-01
 2.129633204e-01 2.074814439e-01 1.979873329e-01 1.869741603e-01 1.755552962e-01
 1.636945083e-01 1.513555496e-01 1.385045201e-01 1.251628399e-01 1.112893410e-01
 9.685217592e-02 8.182968944e-02 6.621196866e-02 5.000274064e-02 3.322152607e-02
 1.590578773e-02-1.886926941e-03-2.007704228e-02-3.856135713e-02-5.721195790e-02
-7.587584111e-02-9.437540924e-02-1.125100665e-01-1.300589666e-01-1.467850729e-01
-1.624405533e-01-1.767733022e-01-1.895345674e-01-2.004872114e-01-2.094142883e-01
-2.161274999e-01-2.204748392e-01-2.223470509e-01-2.216824292e-01-2.184694483e-01
-2.127472684e-01-2.046037764e-01-1.941716225e-01-1.816222146e-01-1.671583951e-01
-1.510060951e-01-1.334055886e-01-1.146028675e-01-9.484153238e-02-7.435564691e-02
-5.336367522e-02-3.206378402e-02-1.063043252e-02 1.078772679e-02 3.206879273e-02
 5.311753781e-02 7.386450091e-02 9.426442903e-02 1.142942980e-01 1.339512095e-01
 1.532508283e-01 1.720232368e-01 1.902439892e-01 2.078763693e-01 2.248710989e-01
 2.411668375e-01 2.566916942e-01 2.713658362e-01 2.851057797e-01 2.978299558e-01
 2.147190124e-01 2.093653083e-01 1.997295470e-01 1.887557954e-01 1.773775145e-01
 1.655630693e-01 1.532839016e-01 1.405091658e-01 1.272612139e-01 1.135042608e-01
 9.920880577e-02 8.435440061e-02 6.893184406e-02 5.294524695e-02 3.641414453e-02
 1.937562606e-02 1.886372454e-03-1.597548882e-02-3.410886976e-02-5.238872400e-02
-7.066572836e-02-8.876682070e-02-1.064967849e-01-1.236409731e-01-1.399692744e-01
-1.552413255e-01-1.692128479e-01-1.816430166e-01-1.923023686e-01-2.009811401e-01
-2.074972689e-01-2.117038295e-01-2.134951576e-01-2.128114253e-01-2.096412256e-01
-2.040219457e-01-1.960379928e-01-1.858168617e-01-1.735234931e-01-1.593530848e-01
-1.435231864e-01-1.262651757e-01-1.078159697e-01-8.841012424e-02-6.827287751e-02
-4.761423363e-02-2.662429024e-02-5.469833472e-03 1.570783046e-02 3.679392676e-02
 5.770024101e-02 7.836429402e-02 9.874767813e-02 1.188335046e-01 1.386223883e-01
 1.581252441e-01 1.771790311e-01 1.957639828e-01 2.138419822e-01 2.313565090e-01
 2.482319698e-01 2.643737196e-01 2.796699256e-01 2.939964234e-01 3.072253913e-01
 2.162215709e-01 2.109898552e-01 2.016838118e-01 1.908446402e-01 1.795938089e-01
 1.679152251e-01 1.557901949e-01 1.431997344e-01 1.301252470e-01 1.165852434e-01
 1.025490462e-01 8.799653873e-02 7.291914901e-02 5.732143667e-02 4.122293185e-02
 2.466009461e-02 7.688200363e-03-9.616955242e-03-2.715768764e-02-4.481356029e-02
-6.244115715e-02-7.987472048e-02-9.692769119e-02-1.133954077e-01-1.290589049e-01
-1.436898783e-01-1.570566967e-01-1.689313278e-01-1.790968255e-01-1.873550191e-01
-1.935340986e-01-1.974954606e-01-1.991394237e-01-1.984094605e-01-1.952945963e-01
-1.898296998e-01-1.820938438e-01-1.722065956e-01-1.603227258e-01-1.466255262e-01
-1.313193217e-01-1.146214940e-01-9.675464410e-02-7.793909681e-02-5.838625136e-02
-3.829286434e-02-1.783648966e-02 2.827961434e-03 2.357050305e-02 4.428736866e-02
 6.490140778e-02 8.536180851e-02 1.056433804e-01 1.257459931e-01 1.456952765e-01
 1.653667614e-01 1.847418099e-01 2.037954554e-01 2.224879637e-01 2.407581433e-01
 2.585168779e-01 2.756410838e-01 2.919700891e-01 3.073077351e-01 3.214349597e-01
 2.180866004e-01 2.130332514e-01 2.039112747e-01 1.932552457e-01 1.821872145e-01
 1.706984564e-01 1.587814689e-01 1.464270130e-01 1.336212233e-01 1.203963161e-01
 1.067268922e-01 9.259598324e-02 7.799682769e-02 6.293475811e-02 4.742922075e-02
 3.151565886e-02 1.524729512e-02-1.303333178e-03-1.804318925e-02-3.485803300e-02
-5.161234739e-02-6.815002492e-02-8.429595450e-02-9.985859692e-02-1.146335937e-01
-1.284084246e-01-1.409679726e-01-1.521009132e-01-1.616065428e-01-1.693018750e-01
-1.750284135e-01-1.786584332e-01-1.801001280e-01-1.793013662e-01-1.762518436e-01
-1.709833891e-01-1.635682956e-01-1.541160643e-01-1.427684948e-01-1.296936273e-01
-1.150788031e-01-9.912345183e-02-8.203174541e-02-6.400568789e-02-4.523884325e-02
-2.591092975e-02-6.183353922e-03 1.380421358e-02 3.393629004e-02 5.412313339e-02
 7.430148876e-02 9.443457797e-02 1.145112477e-01 1.345436572e-01 1.545616611e-01
 1.744428873e-01 1.942010597e-01 2.138354480e-01 2.333278730e-01 2.526354045e-01
 2.716782093e-01 2.903218716e-01 3.083545863e-01 3.254664689e-01 3.412533700e-01
 2.203320860e-01 2.154991254e-01 2.064373196e-01 1.960215792e-01 1.851553023e-01
 1.738644987e-01 1.621751488e-01 1.500947327e-01 1.376167015e-01 1.247788407e-01
 1.115620397e-01 9.795187038e-02 8.394239470e-02 6.953885776e-02 5.475978181e-02
 3.963880235e-02 2.422622871e-02 8.590362530e-03-7.181558787e-03-2.298286557e-02
-3.868754391e-02-5.415101914e-02-6.921172881e-02-8.369359747e-02-9.740940481e-02
-1.101650670e-01-1.217647046e-01-1.320163980e-01-1.407382861e-01-1.477649062e-01
-1.529532149e-01-1.561880335e-01-1.573866457e-01-1.565020756e-01-1.535248980e-01
-1.484834775e-01-1.414424852e-01-1.324999333e-01-1.217828430e-01-1.094417647e-01
-9.564466029e-02-8.057029915e-02-6.440170115e-02-4.731979218e-02-2.949761687e-02
-1.109525323e-02 7.744479459e-03 2.689946815e-02 4.627095905e-02 6.578553846e-02
 8.539659905e-02 1.050856338e-01 1.248639151e-01 1.447758153e-01 1.647306904e-01
 1.847537979e-01 2.048768550e-01 2.251318917e-01 2.455460056e-01 2.661340087e-01
 2.868853956e-01 3.077392131e-01 3.285312802e-01 3.488785326e-01 3.679871261e-01
 2.230570986e-01 2.185930834e-01 2.098338455e-01 1.993605122e-01 1.884922087e-01
 1.773049905e-01 1.658194288e-01 1.540355385e-01 1.419448555e-01 1.295365318e-01
 1.168383620e-01 1.038296185e-01 9.050089493e-02 7.685499269e-02 6.290810931e-02
 4.869102506e-02 3.425024630e-02 1.964895523e-02 4.967645364e-03-9.695625457e-03
-2.422549942e-02-3.849019666e-02-5.234308544e-02-6.562501198e-02-7.816740865e-02
-8.979615942e-02-1.003361493e-01-1.096162908e-01-1.174749583e-01-1.237654090e-01
-1.283610464e-01-1.311601027e-01-1.320895702e-01-1.311079338e-01-1.282067671e-01
-1.234108210e-01-1.167767160e-01-1.083903722e-01-9.836315739e-02-8.682715517e-02
-7.392972338e-02-5.982774499e-02-4.468174835e-02-2.865023815e-02-1.188442673e-02
 5.476481252e-03 2.330937612e-02 4.151065278e-02 5.999899475e-02 7.871754095e-02
 9.763557464e-02 1.167496480e-01 1.360842585e-01 1.556918919e-01 1.754854768e-01
 1.955295056e-01 2.158948630e-01 2.366629914e-01 2.579288930e-01 2.798037379e-01
 3.024180382e-01 3.259270192e-01 3.505251408e-01 3.765112310e-01 4.038599730e-01
 2.269352972e-01 2.231823503e-01 2.138611451e-01 2.028323635e-01 1.918046847e-01
 1.806836500e-01 1.694148108e-01 1.579629258e-01 1.463004127e-01 1.344028189e-01
 1.223008335e-01 1.099709049e-01 9.740125010e-02 8.459239826e-02 7.155796513e-02
 5.832548442e-02 4.493720082e-02 3.145065348e-02 1.793903578e-02 4.491205618e-03
-8.788754029e-03-2.178248571e-02-3.435889821e-02-4.637634387e-02-5.768544419e-02
-6.813252339e-02-7.756358758e-02-8.582872522e-02-9.278672567e-02-9.830974048e-02
-1.022876948e-01-1.046322808e-01-1.052801869e-01-1.041954047e-01-1.013704948e-01
-9.682660928e-02-9.061239663e-02-8.280168843e-02-7.349025083e-02-6.279170705e-02
-5.083285086e-02-3.774865155e-02-2.367712738e-02-8.754346229e-03 6.890306977e-03
 2.313844956e-02 3.988656212e-02 5.704938064e-02 7.456284761e-02 9.238670015e-02
 1.105067283e-01 1.289365217e-01 1.477179154e-01 1.667838990e-01 1.861889586e-01
 2.060071975e-01 2.263338343e-01 2.472898885e-01 2.690294832e-01 2.917508334e-01
 3.157124818e-01 3.412588983e-01 3.688616454e-01 3.991817087e-01 4.316803366e-01
 2.289434970e-01 2.255385294e-01 2.162044495e-01 2.052787989e-01 1.944047585e-01
 1.835267470e-01 1.725991965e-01 1.615817100e-01 1.504388973e-01 1.391388625e-01
 1.277097985e-01 1.161291711e-01 1.043841839e-01 9.247352177e-02 8.040836829e-02
 6.821303812e-02 5.592544191e-02 4.359737600e-02 3.129462333e-02 1.909673592e-02
 7.096458983e-03-4.601269320e-03-1.588080177e-02-2.661778958e-02-3.668170614e-02
-4.593885696e-02-5.425581703e-02-6.150316825e-02-6.755939865e-02-7.231482113e-02
-7.567521927e-02-7.756513351e-02-7.793050632e-02-7.674056297e-02-7.398879158e-02
-6.969292456e-02-6.389397380e-02-5.665426143e-02-4.805470075e-02-3.819130547e-02
-2.717126248e-02-1.510863745e-02-2.120000281e-03 1.167992741e-02 2.618243737e-02
 4.128872603e-02 5.691347452e-02 7.298816374e-02 8.946421367e-02 1.063162573e-01
 1.235460341e-01 1.411881372e-01 1.591587067e-01 1.774973423e-01 1.962625161e-01
 2.155337781e-01 2.354160025e-01 2.560459524e-01 2.776019574e-01 3.003176152e-01
 3.245002330e-01 3.505546898e-01 3.790085316e-01 4.105248004e-01 4.442859292e-01
 2.290426045e-01 2.258484438e-01 2.170462758e-01 2.064520418e-01 1.959461496e-01
 1.855021343e-01 1.750790626e-01 1.646363884e-01 1.541377604e-01 1.435531974e-01
 1.328611225e-01 1.220903918e-01 1.112230011e-01 1.002548262e-01 8.919465548e-02
 7.806388289e-02 6.689644227e-02 5.573874526e-02 4.464949667e-02 3.369931498e-02
 2.297005706e-02 1.255380033e-02 2.551446203e-03-6.929096038e-03-1.577512780e-02
-2.387175802e-02-3.110481982e-02-3.736400418e-02-4.254610837e-02-4.655822547e-02
-4.932075550e-02-5.077004436e-02-5.086050552e-02-4.956612736e-02-4.688120080e-02
-4.282027850e-02-3.741732237e-02-3.072408866e-02-2.280782160e-02-1.374837573e-02
-3.634915978e-03 7.437657128e-03 1.937242129e-02 3.207412822e-02 4.545279406e-02
 5.942707509e-02 7.392742115e-02 8.889896801e-02 1.043041610e-01 1.201251335e-01
 1.363656669e-01 1.530521289e-01 1.700807437e-01 1.874971837e-01 2.053572238e-01
 2.237325832e-01 2.427163497e-01 2.624294906e-01 2.830294966e-01 3.047225327e-01
 3.277810215e-01 3.525699526e-01 3.795889764e-01 4.095511585e-01 4.408783018e-01
 2.279057429e-01 2.249315083e-01 2.163470015e-01 2.061857283e-01 1.962225512e-01
 1.863984094e-01 1.766542866e-01 1.669380888e-01 1.572072506e-01 1.474282295e-01
 1.375745013e-01 1.276814341e-01 1.177379191e-01 1.077424175e-01 9.770410508e-02
 8.764308685e-02 7.759044692e-02 6.758807227e-02 5.768837786e-02 4.795383476e-02
 3.845626491e-02 2.927587830e-02 2.049998098e-02 1.222137362e-02 4.536436929e-03
-2.457069902e-03-8.662447348e-03-1.398664342e-02-1.834290012e-02-2.165334857e-02
-2.385141232e-02-2.488391378e-02-2.471275345e-02-2.331606578e-02-2.068877968e-02
-1.684253526e-02-1.180496442e-02-5.618345254e-03 1.662289054e-03 9.971511492e-03
 1.923621632e-02 2.937857906e-02 4.031913535e-02 5.197989196e-02 6.428734213e-02
 7.717538631e-02 9.058800709e-02 1.044818535e-01 1.188285761e-01 1.336171477e-01
 1.488562226e-01 1.644383148e-01 1.803731247e-01 1.966826468e-01 2.134002671e-01
 2.305717394e-01 2.482571751e-01 2.665336429e-01 2.854985595e-01 3.052742034e-01
 3.260145187e-01 3.479169458e-01 3.712485582e-01 3.964074403e-01 4.224300087e-01
 2.247771099e-01 2.219203338e-01 2.136728317e-01 2.041770890e-01 1.950283051e-01
 1.860799044e-01 1.772309170e-01 1.684145257e-01 1.595872491e-01 1.507212445e-01
 1.418001428e-01 1.328178198e-01 1.238207594e-01 1.148072704e-01 1.057870127e-01
 9.677971152e-02 8.781458440e-02 7.892997563e-02 7.017296183e-02 6.159887085e-02
 5.327059707e-02 4.525772849e-02 3.763539152e-02 3.048289285e-02 2.388208176e-02
 1.791552918e-02 1.266451643e-02 8.206936065e-03 4.615158905e-03 1.953969782e-03
 2.786622354e-04-3.666095436e-04 4.986497515e-05 1.546471147e-03 4.127860404e-03
 7.785049529e-03 1.249602808e-02 1.822685639e-02 2.493320502e-02 3.256225964e-02
 4.105493426e-02 5.034828366e-02 6.037802808e-02 7.108112428e-02 8.239830279e-02
 9.427649528e-02 1.066711545e-01 1.195483469e-01 1.328867972e-01 1.466799379e-01
 1.608070284e-01 1.752587184e-01 1.900310218e-01 2.051259726e-01 2.205514982e-01
 2.363211960e-01 2.524536700e-01 2.689711303e-01 2.858966440e-01 3.032486587e-01
 3.210303783e-01 3.392083496e-01 3.576632291e-01 3.760405183e-01 3.933099806e-01
 2.183809131e-01 2.152654379e-01 2.081246301e-01 2.000634596e-01 1.922959760e-01
 1.845995560e-01 1.768931002e-01 1.691412330e-01 1.613271236e-01 1.534432098e-01
 1.454872713e-01 1.374598145e-01 1.294209808e-01 1.213811673e-01 1.133557521e-01
 1.053666175e-01 9.744266418e-02 8.961981902e-02 8.194086334e-02 7.445503777e-02
 6.721748417e-02 6.028849262e-02 5.373253667e-02 4.761712442e-02 4.201145656e-02
 3.698493543e-02 3.260553439e-02 2.893813046e-02 2.604280321e-02 2.397321908e-02
 2.277514618e-02 2.248517984e-02 2.312974910e-02 2.472445834e-02 2.727378902e-02
 3.077121636e-02 3.519971299e-02 4.053262620e-02 4.673491602e-02 5.376467857e-02
 6.157491726e-02 7.011547318e-02 7.933507854e-02 8.918346831e-02 9.961349520e-02
 1.105832086e-01 1.220578738e-01 1.340113878e-01 1.464277952e-01 1.591756344e-01
 1.722313314e-01 1.855734735e-01 1.991826594e-01 2.130412162e-01 2.271326184e-01
 2.414402589e-01 2.559454739e-01 2.706242800e-01 2.854419350e-01 3.003442734e-01
 3.152438104e-01 3.299977035e-01 3.443757296e-01 3.580241204e-01 3.704621494e-01
 2.087021247e-01 2.044494227e-01 1.998711378e-01 1.945656687e-01 1.886781752e-01
 1.824584901e-01 1.760097743e-01 1.693854333e-01 1.626186595e-01 1.557335258e-01
 1.487500518e-01 1.416873187e-01 1.345666572e-01 1.274592877e-01 1.203811467e-01
 1.133548207e-01 1.064087375e-01 9.957678983e-02 9.289811918e-02 8.641673997e-02
 8.018108460e-02 7.424340764e-02 6.865897769e-02 6.348515488e-02 5.878030881e-02
 5.460261369e-02 5.100877021e-02 4.805268344e-02 4.578413443e-02 4.424753782e-02
 4.348079488e-02 4.351433925e-02 4.437038118e-02 4.606243034e-02 4.859509136e-02
 5.196418615e-02 5.615715121e-02 6.115374711e-02 6.692703812e-02 7.344456764e-02
 8.066975325e-02 8.856339747e-02 9.708530831e-02 1.061959901e-01 1.158584245e-01
 1.260399110e-01 1.367154345e-01 1.478663087e-01 1.593542546e-01 1.711474583e-01
 1.832135916e-01 1.955196336e-01 2.080316991e-01 2.207145318e-01 2.335309013e-01
 2.464404329e-01 2.593978495e-01 2.723502070e-01 2.852328867e-01 2.979638726e-01
 3.104364724e-01 3.225108832e-01 3.340075910e-01 3.447074741e-01 3.543655127e-01
 2.023989632e-01 1.979524568e-01 1.941254959e-01 1.900884882e-01 1.854874269e-01
 1.804587022e-01 1.751067936e-01 1.695063784e-01 1.637114286e-01 1.577627510e-01
 1.516928077e-01 1.455285996e-01 1.392926425e-01 1.330655887e-01 1.268721819e-01
 1.207387820e-01 1.146945656e-01 1.087720543e-01 1.030072868e-01 9.743973991e-02
 9.211201599e-02 8.706941450e-02 8.235930646e-02 7.803038505e-02 7.413185391e-02
 7.071242851e-02 6.781938300e-02 6.549749523e-02 6.378806380e-02 6.272792447e-02
 6.234862100e-02 6.267567538e-02 6.372807546e-02 6.551788744e-02 6.805016843e-02
 7.132306695e-02 7.532813775e-02 8.005093409e-02 8.547173074e-02 9.156642860e-02
 9.830761325e-02 1.056656838e-01 1.136100255e-01 1.221099980e-01 1.311368049e-01
 1.406594962e-01 1.506718621e-01 1.610349044e-01 1.717147604e-01 1.826739609e-01
 1.938718707e-01 2.052647173e-01 2.168053984e-01 2.284433321e-01 2.401241735e-01
 2.517895847e-01 2.633766681e-01 2.748171836e-01 2.860359698e-01 2.969492674e-01
 3.074623794e-01 3.174682111e-01 3.268473446e-01 3.354717194e-01 3.432126344e-01
 1.984403134e-01 1.940594614e-01 1.905692965e-01 1.871267632e-01 1.832700670e-01
 1.790535673e-01 1.745364592e-01 1.697729155e-01 1.648100242e-01 1.596881748e-01
 1.544424519e-01 1.491041258e-01 1.437021122e-01 1.382649615e-01 1.328707859e-01
 1.275455430e-01 1.223171278e-01 1.172157042e-01 1.122739836e-01 1.075271294e-01
 1.030125096e-01 9.876932949e-02 9.483813494e-02 9.126026178e-02 8.807714650e-02
 8.532962948e-02 8.305715022e-02 8.129699150e-02 8.008350054e-02 7.944739981e-02
 7.941515745e-02 8.000850675e-02 8.124404398e-02 8.313304183e-02 8.568133783e-02
 8.888949075e-02 9.275302658e-02 9.726293018e-02 1.024061665e-01 1.081663855e-01
 1.145246960e-01 1.214604116e-01 1.289527118e-01 1.369770243e-01 1.455304846e-01
 1.544928998e-01 1.638471484e-01 1.735510156e-01 1.835623980e-01 1.938365474e-01
 2.043245286e-01 2.149722800e-01 2.257200851e-01 2.365025655e-01 2.472490817e-01
 2.578847706e-01 2.683319598e-01 2.785117477e-01 2.883454263e-01 2.977556288e-01
 3.066668212e-01 3.150057942e-01 3.227022142e-01 3.296900392e-01 3.359102309e-01
 1.957819388e-01 1.915008799e-01 1.883313805e-01 1.852824166e-01 1.819203123e-01
 1.782771871e-01 1.743872613e-01 1.702864841e-01 1.660102009e-01 1.615919546e-01
 1.570632831e-01 1.524538622e-01 1.477919892e-01 1.431050078e-01 1.384195462e-01
 1.338136643e-01 1.293125078e-01 1.249425933e-01 1.207332126e-01 1.167154610e-01
 1.129219756e-01 1.093865745e-01 1.061438880e-01 1.032289341e-01 1.006766484e-01
 9.852129960e-02 9.679586819e-02 9.553147852e-02 9.475683045e-02 9.449770299e-02
 9.477654105e-02 9.561216837e-02 9.701954952e-02 9.900969645e-02 1.015896126e-01
 1.047623827e-01 1.085274778e-01 1.128812694e-01 1.178173013e-01 1.233266406e-01
 1.293992475e-01 1.360203997e-01 1.431949287e-01 1.508177966e-01 1.588817686e-01
 1.673569084e-01 1.762132570e-01 1.854155063e-01 1.949232369e-01 2.046899572e-01
 2.146617770e-01 2.247761786e-01 2.349610627e-01 2.451344952e-01 2.552057951e-01
 2.650781572e-01 2.746530026e-01 2.838353515e-01 2.925392240e-01 3.006919771e-01
 3.082367181e-01 3.151329308e-01 3.213551045e-01 3.268902152e-01 3.317347616e-01
 1.941257193e-01 1.899923235e-01 1.869798377e-01 1.842178777e-01 1.812215001e-01
 1.780090407e-01 1.746039391e-01 1.710316389e-01 1.673185453e-01 1.634913162e-01
 1.595764235e-01 1.555999965e-01 1.515876949e-01 1.475647390e-01 1.435557753e-01
 1.395845189e-01 1.357275919e-01 1.320026516e-01 1.284386218e-01 1.250630468e-01
 1.219044812e-01 1.189919040e-01 1.163546332e-01 1.140222475e-01 1.120242439e-01
 1.103894897e-01 1.091456563e-01 1.083188281e-01 1.079330556e-01 1.080100238e-01
 1.085688621e-01 1.096260771e-01 1.111956276e-01 1.132888458e-01 1.159143001e-01
 1.190776676e-01 1.227819696e-01 1.270295604e-01 1.318214908e-01 1.371534392e-01
 1.430394352e-01 1.493877620e-01 1.562019289e-01 1.634645462e-01 1.711591185e-01
 1.792652830e-01 1.877588555e-01 1.966106444e-01 2.057851404e-01 2.152386531e-01
 2.249170095e-01 2.347528264e-01 2.446626499e-01 2.545446902e-01 2.642786950e-01
 2.737297565e-01 2.827577888e-01 2.912313043e-01 2.990414500e-01 3.061120213e-01
 3.124040514e-01 3.179154993e-01 3.226764500e-01 3.267395049e-01 3.301667274e-01
 1.930682808e-01 1.890784056e-01 1.862398311e-01 1.837001071e-01 1.809816360e-01
 1.781031937e-01 1.750829071e-01 1.719390526e-01 1.686912850e-01 1.653605402e-01
 1.619687006e-01 1.585382820e-01 1.550921873e-01 1.516536847e-01 1.482464522e-01
 1.448950320e-01 1.416259035e-01 1.384544596e-01 1.354542896e-01 1.326402128e-01
 1.300384551e-01 1.276727692e-01 1.255669147e-01 1.237455606e-01 1.222342030e-01
 1.210574545e-01 1.202386841e-01 1.197998040e-01 1.197610014e-01 1.201403699e-01
 1.209536493e-01 1.222150251e-01 1.239379532e-01 1.261351370e-01 1.288179606e-01
 1.319949328e-01 1.356667727e-01 1.398458480e-01 1.445567607e-01 1.497181431e-01
 1.553428322e-01 1.614238620e-01 1.679561586e-01 1.749324352e-01 1.823436990e-01
 1.901786550e-01 1.984229534e-01 2.070580199e-01 2.160593494e-01 2.253940328e-01
 2.350172178e-01 2.448670864e-01 2.548579276e-01 2.648710907e-01 2.747452259e-01
 2.842726111e-01 2.932157516e-01 3.013505786e-01 3.085101247e-01 3.146021813e-01
 3.196085543e-01 3.235828280e-01 3.266471774e-01 3.289735318e-01 3.307397217e-01
 1.924730241e-01 1.886544823e-01 1.859679372e-01 1.835415661e-01 1.810248196e-01
 1.784138084e-01 1.757094786e-01 1.729212031e-01 1.700630113e-01 1.671516597e-01
 1.642056256e-01 1.612444371e-01 1.582883820e-01 1.553582400e-01 1.524752229e-01
 1.496609077e-01 1.469370798e-01 1.443251222e-01 1.418482364e-01 1.395180300e-01
 1.374077946e-01 1.355264038e-01 1.338888035e-01 1.325145438e-01 1.314306707e-01
 1.306585967e-01 1.302176789e-01 1.301263347e-01 1.304019839e-01 1.310599222e-01
 1.321098358e-01 1.335607842e-01 1.354265288e-01 1.377236024e-01 1.404725612e-01
 1.437030360e-01 1.473460943e-01 1.514239013e-01 1.559470520e-01 1.609116048e-01
 1.663182974e-01 1.721677333e-01 1.784607769e-01 1.851982102e-01 1.923806443e-01
 2.000082358e-01 2.080802768e-01 2.165944054e-01 2.255452722e-01 2.349224612e-01
 2.447069809e-01 2.548658252e-01 2.653427571e-01 2.760420739e-01 2.867951840e-01
 2.972870171e-01 3.069785535e-01 3.153399825e-01 3.221216202e-01 3.272495716e-01
 3.307367415e-01 3.326824158e-01 3.333376945e-01 3.331963868e-01 3.327784538e-01
 1.918428466e-01 1.881372556e-01 1.856391057e-01 1.834483593e-01 1.811662390e-01
 1.788070127e-01 1.763790772e-01 1.738938763e-01 1.713655069e-01 1.688098236e-01
 1.662438288e-01 1.636852697e-01 1.611523480e-01 1.586636453e-01 1.562379971e-01
 1.538944244e-01 1.516521721e-01 1.495306939e-01 1.475499198e-01 1.457302049e-01
 1.440959424e-01 1.426638589e-01 1.414454057e-01 1.404447556e-01 1.397370919e-01
 1.393273323e-01 1.392267793e-01 1.394504234e-01 1.400168910e-01 1.409508362e-01
 1.422386914e-01 1.438656077e-01 1.458536163e-01 1.482193619e-01 1.509761214e-01
 1.541327760e-01 1.576879621e-01 1.616468132e-01 1.660154760e-01 1.707992256e-01
 1.760039553e-01 1.816364229e-01 1.877044886e-01 1.942174360e-01 2.011862398e-01
 2.086239382e-01 2.165459320e-01 2.249702662e-01 2.339176536e-01 2.434111089e-01
 2.534749955e-01 2.641330362e-01 2.754056603e-01 2.873078584e-01 2.998549938e-01
 3.131154180e-01 3.251669407e-01 3.342234641e-01 3.406929075e-01 3.447941095e-01
 3.463418931e-01 3.455344588e-01 3.421083540e-01 3.378018737e-01 3.347749560e-01
 1.913196445e-01 1.876553447e-01 1.853661909e-01 1.834112480e-01 1.813526452e-01
 1.792160123e-01 1.770223975e-01 1.747903526e-01 1.725373864e-01 1.702805534e-01
 1.680366770e-01 1.658224761e-01 1.636545286e-01 1.615493745e-01 1.595235317e-01
 1.575935483e-01 1.557759642e-01 1.540873423e-01 1.525443643e-01 1.511636675e-01
 1.499619186e-01 1.489546224e-01 1.481567025e-01 1.475842744e-01 1.472592353e-01
 1.471970454e-01 1.474107950e-01 1.479127333e-01 1.487143561e-01 1.498254761e-01
 1.512507201e-01 1.529942155e-01 1.550644859e-01 1.574711651e-01 1.602235958e-01
 1.633300856e-01 1.667976901e-01 1.706340388e-01 1.748475432e-01 1.794473902e-01
 1.844439506e-01 1.898491382e-01 1.956769675e-01 2.019441276e-01 2.086708471e-01
 2.158818617e-01 2.236077785e-01 2.318867445e-01 2.407665029e-01 2.503067925e-01
 2.605819553e-01 2.716832460e-01 2.837203741e-01 2.968224435e-01 3.111425340e-01
 3.260135948e-01 3.378795982e-01 3.466045410e-01 3.523145318e-01 3.549055308e-01
 3.545027376e-01 3.507762849e-01 3.443129659e-01 3.387822807e-01 3.344482928e-01
 1.911699325e-01 1.875456497e-01 1.853682026e-01 1.835247352e-01 1.815982013e-01
 1.796127930e-01 1.775908246e-01 1.755533293e-01 1.735196411e-01 1.715074852e-01
 1.695332379e-01 1.676123142e-01 1.657594218e-01 1.639888958e-01 1.623147801e-01
 1.607510076e-01 1.593113393e-01 1.580093950e-01 1.568585858e-01 1.558720395e-01
 1.550625191e-01 1.544423476e-01 1.540235206e-01 1.538179964e-01 1.538378746e-01
 1.540940478e-01 1.545962245e-01 1.553531885e-01 1.563728601e-01 1.576622277e-01
 1.592273265e-01 1.610741243e-01 1.632094309e-01 1.656407937e-01 1.683763042e-01
 1.714244113e-01 1.747939959e-01 1.784946918e-01 1.825371310e-01 1.869331970e-01
 1.916963234e-01 1.968419850e-01 2.023882419e-01 2.083565965e-01 2.147730589e-01
 2.216696963e-01 2.290867269e-01 2.370754108e-01 2.457021848e-01 2.550543099e-01
 2.652474642e-01 2.764352411e-01 2.888177038e-01 3.026379794e-01 3.180628866e-01
 3.318338245e-01 3.425804675e-01 3.502068967e-01 3.545984775e-01 3.557682484e-01
 3.533834071e-01 3.474050015e-01 3.408223540e-01 3.353887648e-01 3.309158533e-01
 1.913755760e-01 1.877698078e-01 1.855518520e-01 1.837340295e-01 1.818553060e-01
 1.799413710e-01 1.780190915e-01 1.761124135e-01 1.742416397e-01 1.724237502e-01
 1.706731766e-01 1.690026894e-01 1.674241349e-01 1.659489422e-01 1.645883918e-01
 1.633536666e-01 1.622558534e-01 1.613057256e-01 1.605136842e-01 1.598895639e-01
 1.594425961e-01 1.591813266e-01 1.591136978e-01 1.592470780e-01 1.595883071e-01
 1.601435468e-01 1.609182730e-01 1.619174331e-01 1.631455123e-01 1.646067649e-01
 1.663054302e-01 1.682461723e-01 1.704343632e-01 1.728763431e-01 1.755795181e-01
 1.785523668e-01 1.818044930e-01 1.853466928e-01 1.891910658e-01 1.933511124e-01
 1.978419349e-01 2.026806102e-01 2.078866289e-01 2.134826482e-01 2.194955423e-01
 2.259578332e-01 2.329097689e-01 2.404024154e-01 2.485021428e-01 2.572977096e-01
 2.669119835e-01 2.775222062e-01 2.893969864e-01 3.029486835e-01 3.174937666e-01
 3.297663330e-01 3.390897512e-01 3.454166055e-01 3.486906887e-01 3.484785408e-01
 3.446403891e-01 3.384629488e-01 3.330247850e-01 3.284190595e-01 3.245077580e-01
 1.917628273e-01 1.881052181e-01 1.858616769e-01 1.839781255e-01 1.820445880e-01
 1.801074669e-01 1.782049536e-01 1.763650850e-01 1.746068671e-01 1.729428396e-01
 1.713818312e-01 1.699311360e-01 1.685978547e-01 1.673896164e-01 1.663146913e-01
 1.653818638e-01 1.645999626e-01 1.639775037e-01 1.635222734e-01 1.632411107e-01
 1.631397158e-01 1.632226855e-01 1.634935960e-01 1.639551670e-01 1.646093651e-01
 1.654575542e-01 1.665005982e-01 1.677390636e-01 1.691733972e-01 1.708041877e-01
 1.726325601e-01 1.746605188e-01 1.768913493e-01 1.793299392e-01 1.819829121e-01
 1.848587170e-01 1.879675164e-01 1.913210973e-01 1.949326693e-01 1.988167390e-01
 2.029890567e-01 2.074666768e-01 2.122681886e-01 2.174140513e-01 2.229272053e-01
 2.288338914e-01 2.351647242e-01 2.419561222e-01 2.492523417e-01 2.571081966e-01
 2.655930817e-01 2.747970670e-01 2.848411352e-01 2.958823740e-01 3.075232207e-01
 3.174013943e-01 3.249245286e-01 3.300781249e-01 3.327448964e-01 3.326919973e-01
 3.297269345e-01 3.257074058e-01 3.220975846e-01 3.188660145e-01 3.159655184e-01
 1.925326064e-01 1.887691393e-01 1.863270253e-01 1.841960475e-01 1.820388287e-01
 1.799480692e-01 1.779783964e-01 1.761539206e-01 1.744801104e-01 1.729540973e-01
 1.715711803e-01 1.703284085e-01 1.692260056e-01 1.682676003e-01 1.674594507e-01
 1.668094322e-01 1.663257852e-01 1.660160944e-01 1.658864618e-01 1.659410596e-01
 1.661819741e-01 1.666094065e-01 1.672219486e-01 1.680170670e-01 1.689914018e-01
 1.701410562e-01 1.714617609e-01 1.729489937e-01 1.745981797e-01 1.764050499e-01
 1.783661842e-01 1.804796085e-01 1.827455013e-01 1.851667241e-01 1.877490803e-01
 1.905013472e-01 1.934349015e-01 1.965632438e-01 1.999013126e-01 2.034649253e-01
 2.072703317e-01 2.113338933e-01 2.156719789e-01 2.203009501e-01 2.252371609e-01
 2.304969356e-01 2.360964193e-01 2.420509458e-01 2.483737692e-01 2.550731301e-01
 2.621460557e-01 2.695649863e-01 2.772485614e-01 2.850050479e-01 2.924702316e-01
 2.991654575e-01 3.046901226e-01 3.088056594e-01 3.114063143e-01 3.125164956e-01
 3.123443872e-01 3.112870604e-01 3.097588868e-01 3.080355972e-01 3.062653095e-01
 1.940458789e-01 1.902204826e-01 1.870914176e-01 1.842275187e-01 1.815260723e-01
 1.791185885e-01 1.770344824e-01 1.752390191e-01 1.736858860e-01 1.723350211e-01
 1.711573302e-01 1.701356694e-01 1.692639589e-01 1.685450300e-01 1.679876223e-01
 1.676032916e-01 1.674036309e-01 1.673981100e-01 1.675926670e-01 1.679890454e-01
 1.685848907e-01 1.693744957e-01 1.703498364e-01 1.715016887e-01 1.728205010e-01
 1.742966399e-01 1.759203374e-01 1.776814387e-01 1.795691848e-01 1.815726012e-01
 1.836813017e-01 1.858869270e-01 1.881846562e-01 1.905743778e-01 1.930613294e-01
 1.956559792e-01 1.983731314e-01 2.012304738e-01 2.042469605e-01 2.074413971e-01
 2.108314783e-01 2.144332305e-01 2.182607874e-01 2.223261819e-01 2.266390994e-01
 2.312063873e-01 2.360311970e-01 2.411115319e-01 2.464378401e-01 2.519891114e-01
 2.577269822e-01 2.635869980e-01 2.694680393e-01 2.752237468e-01 2.806658744e-01
 2.855884582e-01 2.898057252e-01 2.931847125e-01 2.956629991e-01 2.972557842e-01
 2.980538308e-01 2.982043176e-01 2.978746743e-01 2.972169519e-01 2.963502705e-01
 1.956351176e-01 1.916176901e-01 1.875691116e-01 1.834525242e-01 1.794774234e-01
 1.768665164e-01 1.748853847e-01 1.733268053e-01 1.720636338e-01 1.710105241e-01
 1.701133177e-01 1.693454385e-01 1.687038914e-01 1.682027653e-01 1.678653881e-01
 1.677172854e-01 1.677809655e-01 1.680725292e-01 1.685997099e-01 1.693610772e-01
 1.703467369e-01 1.715405435e-01 1.729233488e-01 1.744762287e-01 1.761823297e-01
 1.780269965e-01 1.799965426e-01 1.820761338e-01 1.842480451e-01 1.864911839e-01
 1.887829378e-01 1.911028102e-01 1.934365035e-01 1.957788840e-01 1.981353686e-01
 2.005217820e-01 2.029622123e-01 2.054850086e-01 2.081184089e-01 2.108874842e-01
 2.138129025e-01 2.169109359e-01 2.201937735e-01 2.236697376e-01 2.273431941e-01
 2.312141508e-01 2.352773696e-01 2.395211384e-01 2.439254671e-01 2.484597564e-01
 2.530799508e-01 2.577257901e-01 2.623189240e-01 2.667639553e-01 2.709536701e-01
 2.747795731e-01 2.781451791e-01 2.809788585e-01 2.832429260e-01 2.849372626e-01
 2.860972285e-01 2.867853642e-01 2.870794088e-01 2.870598287e-01 2.868004888e-01
 1.968828439e-01 1.925676093e-01 1.878940388e-01 1.826942786e-01 1.770236194e-01
 1.730447040e-01 1.711633131e-01 1.702958941e-01 1.696384996e-01 1.690889373e-01
 1.685741618e-01 1.680721044e-01 1.676108465e-01 1.672479734e-01 1.670479328e-01
 1.670679449e-01 1.673521773e-01 1.679295451e-01 1.688119174e-01 1.699920595e-01
 1.714435070e-01 1.731259972e-01 1.749962271e-01 1.770184934e-01 1.791690066e-01
 1.814340278e-01 1.838043630e-01 1.862684488e-01 1.888044998e-01 1.913745627e-01
 1.939277798e-01 1.964151934e-01 1.988031044e-01 2.010770068e-01 2.032429501e-01
 2.053299174e-01 2.073881030e-01 2.094752564e-01 2.116399929e-01 2.139162346e-01
 2.163262368e-01 2.188844979e-01 2.216001078e-01 2.244777530e-01 2.275178432e-01
 2.307161540e-01 2.340632378e-01 2.375436276e-01 2.411349266e-01 2.448068485e-01
 2.485203966e-01 2.522275447e-01 2.558717579e-01 2.593899370e-01 2.627159953e-01
 2.657858729e-01 2.685434521e-01 2.709460408e-01 2.729683220e-01 2.746042162e-01
 2.758660168e-01 2.767811567e-01 2.773875297e-01 2.777281999e-01 2.778468133e-01
 1.985153035e-01 1.942205578e-01 1.894625724e-01 1.840253249e-01 1.777458787e-01
 1.725221052e-01 1.689147279e-01 1.670080424e-01 1.668247505e-01 1.670797616e-01
 1.670215503e-01 1.666500791e-01 1.661370918e-01 1.656777561e-01 1.654225960e-01
 1.654720604e-01 1.658935994e-01 1.667333319e-01 1.680164337e-01 1.697351932e-01
 1.718283742e-01 1.741813570e-01 1.766793951e-01 1.792574897e-01 1.818981841e-01
 1.846109032e-01 1.874160692e-01 1.903340966e-01 1.933709159e-01 1.964749246e-01
 1.994780898e-01 2.022457123e-01 2.047304212e-01 2.069106624e-01 2.087781951e-01
 2.103606984e-01 2.117992193e-01 2.132769302e-01 2.148635164e-01 2.165786550e-01
 2.184304148e-01 2.204236686e-01 2.225615606e-01 2.248449772e-01 2.272715792e-01
 2.298349813e-01 2.325241416e-01 2.353229299e-01 2.382098213e-01 2.411578148e-01
 2.441344782e-01 2.471024543e-01 2.500203922e-01 2.528445124e-01 2.555308342e-01
 2.580377311e-01 2.603289485e-01 2.623760104e-01 2.641602009e-01 2.656734436e-01
 2.669180036e-01 2.679053098e-01 2.686537206e-01 2.691862881e-01 2.695283294e-01
 2.007888704e-01 1.969498993e-01 1.927349567e-01 1.880567446e-01 1.829001531e-01
 1.773601324e-01 1.721529812e-01 1.685257853e-01 1.666845083e-01 1.667906717e-01
 1.667203381e-01 1.656957641e-01 1.643340737e-01 1.632780134e-01 1.626650468e-01
 1.625480727e-01 1.629746929e-01 1.640038788e-01 1.657120064e-01 1.681883037e-01
 1.714588031e-01 1.749850214e-01 1.783144847e-01 1.814770028e-01 1.845551952e-01
 1.876324862e-01 1.907897518e-01 1.941108480e-01 1.976953820e-01 2.016699538e-01
 2.053281143e-01 2.084406540e-01 2.110720053e-01 2.131663859e-01 2.146870419e-01
 2.155370117e-01 2.159729600e-01 2.167325393e-01 2.177060992e-01 2.188441530e-01
 2.201266960e-01 2.215484082e-01 2.231098041e-01 2.248116434e-01 2.266517431e-01
 2.286234871e-01 2.307154834e-01 2.329116986e-01 2.351918518e-01 2.375318035e-01
 2.399041355e-01 2.422787994e-01 2.446240112e-01 2.469073310e-01 2.490970641e-01
 2.511636540e-01 2.530812324e-01 2.548288554e-01 2.563915104e-01 2.577605546e-01
 2.589337080e-01 2.599143833e-01 2.607108950e-01 2.613351495e-01 2.618014068e-01
 2.035872340e-01 2.006099820e-01 1.972684190e-01 1.934836655e-01 1.892854497e-01
 1.847957372e-01 1.801858470e-01 1.756343842e-01 1.721118167e-01 1.708764434e-01
 1.696667298e-01 1.672721430e-01 1.645287126e-01 1.627594158e-01 1.617481038e-01
 1.614161209e-01 1.617691368e-01 1.628587097e-01 1.647933721e-01 1.677984074e-01
 1.723055691e-01 1.769313737e-01 1.807703600e-01 1.841877252e-01 1.874025911e-01
 1.905647441e-01 1.937948764e-01 1.972071752e-01 2.009268999e-01 2.050778717e-01
 2.089243009e-01 2.121864707e-01 2.149070204e-01 2.170264199e-01 2.184628397e-01
 2.190843970e-01 2.191916183e-01 2.195462808e-01 2.200563252e-01 2.206772640e-01
 2.214040011e-01 2.222507223e-01 2.232346610e-01 2.243667320e-01 2.256487757e-01
 2.270743102e-01 2.286304683e-01 2.302997336e-01 2.320613265e-01 2.338920980e-01
 2.357672230e-01 2.376608849e-01 2.395468727e-01 2.413993031e-01 2.431934550e-01
 2.449064925e-01 2.465183213e-01 2.480122373e-01 2.493754477e-01 2.505992502e-01
 2.516791522e-01 2.526144832e-01 2.534079849e-01 2.540651560e-01 2.545936554e-01
 0.709624320E+00 0.722844064E+00 0.732503206E+00 0.743016333E+00 0.754560202E+00
 0.766673326E+00 0.779247135E+00 0.792313218E+00 0.806274176E+00 0.820031703E+00
 0.834636330E+00 0.849576801E+00 0.865711987E+00 0.882085532E+00 0.899099171E+00
 0.916885823E+00 0.935349614E+00 0.954836339E+00 0.974805415E+00 0.995688170E+00
 0.101749098E+01 0.104021150E+01 0.106397533E+01 0.108873123E+01 0.111454862E+01
 0.114153087E+01 0.116978645E+01 0.119932270E+01 0.123029792E+01 0.126273918E+01
 0.129664558E+01 0.133230251E+01 0.136979806E+01 0.140920913E+01 0.145073003E+01
 0.149415886E+01 0.154019588E+01 0.158888721E+01 0.164017796E+01 0.169447011E+01
 0.175172383E+01 0.181290591E+01 0.187777030E+01 0.194657880E+01 0.201986015E+01
 0.209828162E+01 0.218234467E+01 0.227178562E+01 0.236819982E+01 0.247212076E+01
 0.258403742E+01 0.270464480E+01 0.283640838E+01 0.297904718E+01 0.313472986E+01
 0.330598843E+01 0.349362731E+01 0.370150054E+01 0.393237329E+01 0.418971229E+01
 0.447985148E+01 0.480742478E+01 0.518056965E+01 0.560460472E+01 0.610516906E+01
   89   88
 0.101840276E+01 0.500000007E-01 0.102518588E+01 0.150000006E+00 0.103066939E+01
 0.200000003E+00 0.104557329E+01 0.300000012E+00 0.105479968E+01 0.349999994E+00
 0.107499176E+01 0.449999988E+00 0.108572698E+01 0.500000000E+00 0.110562503E+01
 0.589000970E+00 0.112090147E+01 0.649999976E+00 0.113523430E+01 0.699999988E+00
 0.115875006E+01 0.767892331E+00 0.118531251E+01 0.826917112E+00 0.121187496E+01
 0.873860180E+00 0.123843753E+01 0.912108630E+00 0.127132684E+01 0.949999988E+00
 0.131812501E+01 0.992354661E+00 0.134468746E+01 0.101088625E+01 0.139781249E+01
 0.103743732E+01 0.143964529E+01 0.104999995E+01 0.147749996E+01 0.105753404E+01
 0.153062499E+01 0.106004214E+01 0.158375001E+01 0.105490595E+01 0.161110741E+01
 0.104939824E+01 0.166343749E+01 0.103546739E+01 0.171656251E+01 0.101499099E+01
 0.174639708E+01 0.100000000E+01 0.179624999E+01 0.972277105E+00 0.182858986E+01
 0.949999988E+00 0.187593746E+01 0.914791256E+00 0.190250003E+01 0.892049044E+00
 0.194701886E+01 0.850000024E+00 0.198218751E+01 0.814064980E+00 0.200874996E+01
 0.783812255E+00 0.203587210E+01 0.750000000E+00 0.207177281E+01 0.699999988E+00
 0.210311127E+01 0.649999976E+00 0.213037491E+01 0.600000024E+00 0.215420556E+01
 0.550000012E+00 0.217529619E+01 0.500000000E+00 0.219468760E+01 0.448704809E+00
 0.222125006E+01 0.370571688E+00 0.224260306E+01 0.300000012E+00 0.225620794E+01
 0.250000000E+00 0.227437496E+01 0.165892273E+00 0.228389823E+01 0.100000001E+00
 0.228597224E+01 0.000000000E+00 0.227437496E+01-0.891703777E-01 0.226069558E+01
-0.150000006E+00 0.224588692E+01-0.200000003E+00 0.222125006E+01-0.270516589E+00
 0.219468760E+01-0.337450370E+00 0.216812491E+01-0.397926405E+00 0.214315653E+01
-0.449999988E+00 0.211662745E+01-0.500000000E+00 0.208843756E+01-0.547615796E+00
 0.206187510E+01-0.588375300E+00 0.203531241E+01-0.625310868E+00 0.200874996E+01
-0.658643454E+00 0.197175270E+01-0.699999988E+00 0.192906249E+01-0.743180990E+00
 0.190250003E+01-0.767505884E+00 0.186176503E+01-0.800000012E+00 0.182281256E+01
-0.828902245E+00 0.178825879E+01-0.850000024E+00 0.174312496E+01-0.875550687E+00
 0.169000006E+01-0.898008704E+00 0.166343749E+01-0.907611638E+00 0.161031246E+01
-0.921348751E+00 0.155718756E+01-0.927984416E+00 0.150406253E+01-0.927639872E+00
 0.145093751E+01-0.919759899E+00 0.139781249E+01-0.902925730E+00 0.137125003E+01
-0.891232818E+00 0.131812501E+01-0.859761745E+00 0.129156256E+01-0.839274287E+00
 0.125040466E+01-0.800000012E+00 0.121187496E+01-0.754640192E+00 0.118531251E+01
-0.716718882E+00 0.115875006E+01-0.671942770E+00 0.113218749E+01-0.618908346E+00
 0.110562503E+01-0.554948479E+00 0.108660865E+01-0.500000000E+00 0.107181275E+01
-0.449999988E+00 0.105250001E+01-0.367829055E+00 0.104029602E+01-0.300000012E+00
 0.102766520E+01-0.200000003E+00 0.102307397E+01-0.150000006E+00 0.101777774E+01
-0.500000007E-01 0.101840276E+01 0.500000007E-01
 0.101730001E+01 0.000000000E+00 0.101932001E+01 0.111591995E+01 0.101127005E+01
 0.116271996E+01 0.100224996E+01 0.121238995E+01 0.102639997E+01 0.121238995E+01
 0.103497005E+01 0.116392004E+01 0.103842998E+01 0.116235995E+01 0.106122005E+01
 0.116356003E+01 0.109895003E+01 0.116589999E+01 0.113813996E+01 0.116823995E+01
 0.116191995E+01 0.117446005E+01 0.119008005E+01 0.118699002E+01 0.121012998E+01
 0.120185006E+01 0.123081994E+01 0.122499001E+01 0.123939002E+01 0.123863995E+01
 0.126108003E+01 0.128634000E+01 0.128076005E+01 0.133403003E+01 0.128076005E+01
 0.134810996E+01 0.133062005E+01 0.134810996E+01 0.141947997E+01 0.134748995E+01
 0.141947997E+01 0.131036997E+01 0.137993002E+01 0.131093001E+01 0.137410998E+01
 0.130689001E+01 0.136740994E+01 0.126408994E+01 0.136789000E+01 0.122646999E+01
 0.137232995E+01 0.119475996E+01 0.138840997E+01 0.116448998E+01 0.140222001E+01
 0.115728998E+01 0.141559005E+01 0.115646994E+01 0.142587996E+01 0.116276002E+01
 0.144700003E+01 0.118200004E+01 0.148800004E+01 0.121899998E+01 0.149600005E+01
 0.122800004E+01 0.149109995E+01 0.121349001E+01 0.149501002E+01 0.116171002E+01
 0.147765005E+01 0.112226999E+01 0.148169005E+01 0.111591995E+01 0.149105000E+01
 0.111275005E+01 0.152942002E+01 0.110483003E+01 0.160203004E+01 0.109308004E+01
 0.164134002E+01 0.107020998E+01 0.164687002E+01 0.107845998E+01 0.178340006E+01
 0.107209003E+01 0.204518008E+01 0.103909004E+01 0.205605006E+01 0.104322004E+01
 0.210643005E+01 0.999729991E+00 0.208569002E+01 0.869265974E+00 0.222220993E+01
 0.519111991E+00 0.224294996E+01 0.448630989E+00 0.230183005E+01 0.280676991E+00
 0.231151009E+01 0.279680014E+00 0.233364010E+01 0.219329998E+00 0.234012008E+01
 0.219872996E+00 0.234645009E+01 0.198669001E+00 0.234827995E+01 0.632878989E-01
 0.235109997E+01 0.420836993E-01 0.234827995E+01-0.254776001E+00 0.234645009E+01
-0.272718012E+00 0.234461999E+01-0.410818011E+00 0.235109997E+01-0.420603991E+00
 0.223979998E+01-0.684297979E+00 0.222333002E+01-0.684297979E+00 0.221052003E+01
-0.714201987E+00 0.221318007E+01-0.732686996E+00 0.220670009E+01-0.753892004E+00
 0.220021009E+01-0.735949993E+00 0.218756008E+01-0.771290004E+00 0.219388008E+01
-0.789776027E+00 0.213232994E+01-0.945818007E+00 0.178394997E+01-0.115894997E+01
 0.174519002E+01-0.123995996E+01 0.174687004E+01-0.124047995E+01 0.174579000E+01
-0.124380004E+01 0.164520001E+01-0.124479997E+01 0.140117002E+01-0.124477005E+01
 0.138558996E+01-0.124820995E+01 0.137489998E+01-0.125832999E+01 0.136953998E+01
-0.126941001E+01 0.136824000E+01-0.127555001E+01 0.136860001E+01-0.132246995E+01
 0.137256002E+01-0.132470000E+01 0.142770004E+01-0.132470000E+01 0.142770004E+01
-0.135782003E+01 0.116450000E+01-0.135894001E+01 0.101627004E+01-0.121800005E+01
 0.101750004E+01-0.121700001E+01 0.101730001E+01-0.100000005E-02 0.101730001E+01
 0.000000000E+00
    0 0.169550002E+01    0
 0.000000000E+00 0.768240578E-01 0.109284684E+00 0.134545647E+00 0.156058393E+00
 0.175232083E+00 0.192790903E+00 0.209157817E+00 0.223458760E+00 0.238260791E+00
 0.252325654E+00 0.265977591E+00 0.279208198E+00 0.292100966E+00 0.304598391E+00
 0.316826284E+00 0.328924507E+00 0.340776891E+00 0.352469668E+00 0.364011139E+00
 0.375435904E+00 0.386797041E+00 0.398034349E+00 0.409261659E+00 0.420409456E+00
 0.431510627E+00 0.442628577E+00 0.453724533E+00 0.464833871E+00 0.475975648E+00
 0.487108171E+00 0.498319536E+00 0.509578168E+00 0.520896882E+00 0.532327563E+00
 0.543767393E+00 0.555369139E+00 0.567089587E+00 0.578906208E+00 0.590883464E+00
 0.602957040E+00 0.615267247E+00 0.627731025E+00 0.640377045E+00 0.653230369E+00
 0.666319639E+00 0.679695666E+00 0.693267703E+00 0.707169741E+00 0.721392125E+00
 0.735952228E+00 0.750830233E+00 0.766186267E+00 0.781919032E+00 0.798126876E+00
 0.814891398E+00 0.832174599E+00 0.850111127E+00 0.868727773E+00 0.888074130E+00
 0.908318102E+00 0.929477781E+00 0.951716542E+00 0.975161195E+00 0.100000000E+01
    0
