512
6.2
# index R Z
1  9.2  0.0
2  9.199616750495267  0.055329983229003295
3  9.198467153376706  0.11065160132205983
4  9.196551662721133  0.16595649040791688
5  9.193871034956294  0.22123628914451854
6  9.190426328310906  0.2764826399831262
7  9.186218902045571  0.3316871904318656
8  9.181250415465412  0.3868415943185091
9  9.17552282671559  0.44193751305230256
10  9.16903839136101  0.4969666168846464
11  9.161799660751832  0.5519205861684392
12  9.153809480176601  0.6067911126158948
13  9.14507098680509  0.6615699005546416
14  9.135587607423119  0.7162486681819142
15  9.125363055961923  0.7708191488166491
16  9.11440133082477  0.8252730921492936
17  9.10270671201385  0.8796022654891393
18  9.090283758060592  0.9337984550089931
19  9.07713730276282  0.9878534669869938
20  9.063272451732358  1.0417591290453925
21  9.04869457875688  1.0955072913861037
22  9.033409321980011  1.1490898280228417
23  9.01742257990387  1.2024986380096605
24  9.000740507218406  1.2557256466657054
25  8.983369510462104  1.3087628067959929
26  8.965316243518739  1.3616020999080385
27  8.946587602955077  1.4142355374241409
28  8.927190723204545  1.4666551618891468
29  8.90713297160202  1.5188530481735099
30  8.886421943275105  1.5708213046714594
31  8.865065455897254  1.6225520744941053
32  8.843071544308401  1.674037536657292
33  8.820448455008698  1.7252699072640225
34  8.79720464053118  1.7762414406812785
35  8.773348753699267  1.826944430711054
36  8.748889641774996  1.8773712117554255
37  8.723836340504135  1.9275141599754881
38  8.69819806806423  1.9773656944439728
39  8.671984218921803  2.0269182782913804
40  8.645204357604943  2.076164419845453
41  8.61786821239757  2.125096673763812
42  8.589985668961711  2.173707642159591
43  8.561566763894135  2.2219899757198975
44  8.532621678223707  2.2699363748169255
45  8.503160730855884  2.317539590611561
46  8.473194371970695  2.3647924261493074
47  8.442733176380631  2.4116877374483647
48  8.411787836854778  2.4582184345797042
49  8.380369157415567  2.504377482738966
50  8.348488046614428  2.550157903310029
51  8.316155510792665  2.595552774920077
52  8.283382647333733  2.6405552344860204
53  8.250180637913147  2.685158478252096
54  8.216560741752092  2.7293557628185057
55  8.182534288880811  2.7731404061609233
56  8.148112673417733  2.816505788640728
57  8.113307346870227  2.8594453540057985
58  8.078129811462782  2.901952610381734
59  8.042591613498313  2.9440211312533338
60  8.006704336758212  2.9856445564361964
61  7.970479595946591  3.0268165930382978
62  7.933929030184167  3.0675310164113863
63  7.897064296556966  3.107781671092064
64  7.859897063725037  3.1475624717324115
65  7.822439005596172  3.186867404020008
66  7.7847017950694735  3.2256905255872104
67  7.746697097853527  3.2640259669095624
68  7.7084365663637655  3.301867932193182
69  7.669931833703439  3.339210700251009
70  7.631194507732519  3.37604862536777
71  7.592236165228641  3.412376138153531
72  7.553068346144079  3.4481877463857167
73  7.513702547962571  3.483478035839454
74  7.47415022015964  3.518241671106134
75  7.4344227587699265  3.5524733964000506
76  7.394531501064842  3.5861680363530013
77  7.354487720343689  3.6193204967967367
78  7.31430262084128  3.6519257655331243
79  7.27398733275483  3.6839789130919267
80  7.2335529073927844  3.7154750934760696
81  7.193010312448087  3.74640954489429
82  7.152370427398139  3.776777590481054
83  7.111644039033636  3.8065746390036344
84  7.070841837118205  3.8357961855562444
85  7.029974410180662  3.8644378122411136
86  6.989052241441485  3.892495188836417
87  6.94808570487497  3.919964073450945
88  6.90708506140836  3.946840313165417
89  6.866060455259031  3.973119844660348
90  6.82502191041074  3.9987986948303673
91  6.783979327229674  4.023872981384896
92  6.742942479220955  4.048338913435095
93  6.7019210099260755  4.072192792067001
94  6.66092442996157  4.095431010900745
95  6.619962114199079  4.118050056635791
96  6.5790432990868295  4.140046509582101
97  6.538177080112392  4.1614170441771385
98  6.497372409406427  4.1821584294886565
99  6.456638093487013  4.202267529703163
100  6.415982791143978  4.221741304600018
101  6.375415011462574  4.240576810011071
102  6.334943111985628  4.258771198265777
103  6.294575297013258  4.276321718621732
104  6.254319616039068  4.2932257176805395
105  6.2141839623216315  4.309480639788973
106  6.174176071589955  4.325084027425353
107  6.134303520881515  4.340033521571096
108  6.09457372751134  4.3543268620673565
109  6.054993948170525  4.367961887956742
110  6.015571278152441  4.380936537810014
111  5.976312650704838  4.393248850037748
112  5.937224836505933  4.404896963186902
113  5.898314443262502  4.415879116222242
114  5.859587915427896  4.426193648792584
115  5.821051534037847  4.435839001481819
116  5.782711416661851  4.444813716044675
117  5.74457351746784  4.453116435627179
118  5.706643627397793  4.460745904971805
119  5.668927374451901  4.467700970607241
120  5.631430224078812  4.473980581022784
121  5.594157479669471  4.4795837868273125
122  5.557114283151966  4.484509740892823
123  5.5203056156848405  4.4887576984825
124  5.483736298446193  4.492327017363316
125  5.447410993515932  4.495217157903122
126  5.411334204848494  4.497427683152237
127  5.375510279333281  4.498958258909509
128  5.339943407940131  4.499808653772837
129  5.304637626947008  4.499978739174161
130  5.269596819247193  4.499468489398896
131  5.234824715733179  4.4982779815898235
132  5.200324896754482  4.4964073957354245
133  5.1661007936465975  4.4938570146426695
134  5.132155690328292  4.490627223894265
135  5.098492724964489  4.486718511790351
136  5.065114891691927  4.482131469274684
137  5.0320250424048645  4.476866789845293
138  4.999225888598065  4.470925269449629
139  4.96672000326432  4.46430780636423
140  4.934509822843808  4.457015401058917
141  4.9025976492225904  4.4490491560455325
142  4.870985651777572  4.440410275711255
143  4.839675869465274  4.431100066136519
144  4.808670212951831  4.421119934897548
145  4.777970466781584  4.410471390853546
146  4.747578291581765  4.399156043918586
147  4.717495226300716  4.387175604818206
148  4.687722690477202  4.374531884830776
149  4.658261986538326  4.361226795513653
150  4.62911430212371  4.347262348414184
151  4.600280712433519  4.332640654765585
152  4.571762182598062  4.31736392516775
153  4.543559570066666  4.301434469253043
154  4.515673627013625  4.284854695337108
155  4.488105002759019  4.2676271100547725
156  4.4608542462023015  4.249754317981067
157  4.433921808266545  4.231239021237458
158  4.407308044351348  4.212084019083324
159  4.381013216792384  4.192292207492741
160  4.355037497325705  4.171866578716653
161  4.329380969554887  4.150810220830486
162  4.304043631419208  4.129126317267272
163  4.279025397661101  4.106818146336357
164  4.254326102291127  4.083889080727768
165  4.2299455010488325  4.060342587002303
166  4.205883273857869  4.036182225067443
167  4.182139027273804  4.011411647639132
168  4.158712296923149  3.9860345996895505
169  4.135602549932095  3.96005491788091
170  4.112809187343627  3.9334765299854166
171  4.090331546521606  3.9063034542914363
172  4.068168903540559  3.878539798995992
173  4.046320475559931  3.8501897615836524
174  4.024785423181594  3.8212576281919395
175  4.003562852789489  3.7917477729633124
176  3.982651818870301  3.761664657383867
177  3.962051326314132  3.7310128296088125
178  3.941760332694181  3.6997969237748576
179  3.9217777505245004  3.6680216592995905
180  3.9021024494949144  3.6356918401679694
181  3.8827332586822747  3.60281235420602
182  3.863668968737252  3.5693881723418723
183  3.8449083340458894  3.5354243478542147
184  3.8264500748652477  3.500926015608316
185  3.808292879432435  3.465898391279697
186  3.790435406046439  3.430346770565598
187  3.7728762851221447  3.394276528384335
188  3.7556141212160385  3.3576931180626923
189  3.7386474950230673  3.320602070511452
190  3.721974965344211  3.2830089933891937
191  3.7055950710243413  3.2449195702544933
192  3.689506332859989  3.2063395597066524
193  3.67370725547666  3.16727479451507
194  3.658196329175394  3.127731180737409
195  3.642972031748291  3.0877146968266875
196  3.6280328302627387  3.047231392727409
197  3.6133771828141525  3.006287388960902
198  3.599003540247014  2.9648888756999736
199  3.5849103478440725  2.9230421118330474
200  3.5710960469835733  2.8807534240178985
201  3.5575590767644076  2.838029205725158
202  3.544297875599115  2.794875916271694
203  3.5313108827746813  2.7513000798440674
204  3.518596539981118  2.7073082845121514
205  3.506153292807796  2.6629071812331153
206  3.4939795922075687  2.6181034828458802
207  3.4820738959287216  2.572903963056243
208  3.4704346699147903  2.5273154554127695
209  3.4590603896723344  2.4813448522736703
210  3.4479495416067576  2.43499910376476
211  3.4371006243262716  2.3882852167287
212  3.426512149914143  2.3412102536656514
213  3.416182645169346  2.293781331665534
214  3.406110652815774  2.2460056213320065
215  3.39629473268018  2.197890345698381
216  3.3867334628390053  2.1494427791355895
217  3.3774254407342963  2.100670246252408
218  3.368369284258878  2.0515801207880644
219  3.3595636328110117  2.002179824497446
220  3.3510071483187236  1.952476826029012
221  3.342698516234029  1.9024786397956543
222  3.3346364464972647  1.852192824838613
223  3.3268196744717624  1.8016269836846477
224  3.3192469618490876  1.7507887611966524
225  3.311917097525064  1.699685843417842
226  3.304828898446843  1.6483259564097439
227  3.2979812104312205  1.5967168650841064
228  3.29137290895447  1.5448663720289666
229  3.2850028999138963  1.4927823163289906
230  3.2788701203613733  1.4404725723803264
231  3.272973539209074  1.3879450487000853
232  3.26731215790765  1.3352076867307063
233  3.2618850110970623  1.2822684596392917
234  3.2566911672303176  1.229135371112195
235  3.251729729170305  1.175816454144958
236  3.246999834759974  1.1223197698278462
237  3.2425006573660475  1.068653406127106
238  3.2382314063964954  1.014825476662192
239  3.234191327791947  0.9608441194790825
240  3.2303797044912628  0.9067174958199339
241  3.226795856871431  0.8524537888891972
242  3.223439143161982  0.7980612026164429
243  3.220308959834095  0.743547960416032
244  3.2174047419645446  0.6889223039438516
245  3.214725963574666  0.6341924918512816
246  3.2122721379444696  0.579366798536614
247  3.2100428179020506  0.5244535128940626
248  3.2080375960884138  0.4694609370606021
249  3.206256105197848  0.4143973851608044
250  3.2046980181939397  0.35927118204984304
251  3.2033630485013385  0.3040906620549048
252  3.2022509501733536  0.24886416771513586
253  3.20136151803547  0.19360004852038765
254  3.200694587804834  0.13830665964886074
255  3.2002500361857793  0.08299236070394009
256  3.200027780941434  0.027665514450319402
257  3.200027780941434  -0.027665514450318295
258  3.2002500361857793  -0.08299236070393899
259  3.200694587804834  -0.13830665964885966
260  3.20136151803547  -0.19360004852038654
261  3.2022509501733536  -0.24886416771513473
262  3.203363048501338  -0.3040906620549017
263  3.2046980181939397  -0.35927118204984193
264  3.206256105197848  -0.4143973851608033
265  3.2080375960884138  -0.469460937060601
266  3.2100428179020506  -0.5244535128940615
267  3.2122721379444696  -0.579366798536613
268  3.214725963574666  -0.6341924918512825
269  3.217404741964544  -0.6889223039438505
270  3.220308959834095  -0.7435479604160329
271  3.223439143161982  -0.7980612026164419
272  3.226795856871431  -0.8524537888891961
273  3.2303797044912628  -0.9067174958199329
274  3.234191327791947  -0.9608441194790815
275  3.2382314063964954  -1.014825476662191
276  3.2425006573660475  -1.0686534061271051
277  3.2469998347599733  -1.1223197698278453
278  3.251729729170305  -1.1758164541449572
279  3.2566911672303176  -1.229135371112194
280  3.2618850110970623  -1.2822684596392906
281  3.2673121579076496  -1.3352076867307054
282  3.272973539209074  -1.3879450487000842
283  3.278870120361373  -1.4404725723803233
284  3.2850028999138967  -1.4927823163289895
285  3.2913729089544694  -1.5448663720289655
286  3.2979812104312205  -1.5967168650841055
287  3.3048288984468424  -1.6483259564097428
288  3.311917097525064  -1.699685843417841
289  3.319246961849087  -1.7507887611966513
290  3.3268196744717624  -1.8016269836846468
291  3.334636446497264  -1.8521928248386121
292  3.342698516234029  -1.9024786397956532
293  3.3510071483187236  -1.952476826029011
294  3.3595636328110112  -2.002179824497443
295  3.3683692842588777  -2.0515801207880657
296  3.377425440734296  -2.100670246252407
297  3.3867334628390053  -2.14944277913559
298  3.3962947326801793  -2.1978903456983803
299  3.406110652815774  -2.246005621332007
300  3.4161826451693456  -2.2937813316655333
301  3.426512149914143  -2.3412102536656505
302  3.4371006243262716  -2.388285216728699
303  3.447949541606757  -2.434999103764759
304  3.459060389672334  -2.481344852273669
305  3.4704346699147894  -2.5273154554127673
306  3.482073895928722  -2.5729039630562416
307  3.4939795922075687  -2.6181034828458793
308  3.5061532928077956  -2.6629071812331144
309  3.518596539981118  -2.7073082845121506
310  3.5313108827746817  -2.7513000798440665
311  3.5442978755991144  -2.794875916271693
312  3.5575590767644076  -2.838029205725157
313  3.5710960469835733  -2.8807534240178976
314  3.584910347844072  -2.923042111833046
315  3.5990035402470126  -2.9648888756999714
316  3.613377182814153  -3.006287388960901
317  3.6280328302627383  -3.047231392727408
318  3.6429720317482905  -3.087714696826687
319  3.658196329175394  -3.127731180737408
320  3.6737072554766597  -3.1672747945150688
321  3.6895063328599886  -3.206339559706652
322  3.7055950710243417  -3.2449195702544937
323  3.7219749653442107  -3.2830089933891933
324  3.7386474950230677  -3.3206020705114527
325  3.755614121216038  -3.3576931180626914
326  3.7728762851221442  -3.394276528384334
327  3.7904354060464382  -3.4303467705655946
328  3.8082928794324356  -3.465898391279696
329  3.8264500748652464  -3.500926015608314
330  3.84490833404589  -3.535424347854215
331  3.8636689687372496  -3.5693881723418692
332  3.8827332586822747  -3.6028123542060193
333  3.902102449494915  -3.6356918401679703
334  3.921777750524501  -3.668021659299591
335  3.9417603326941806  -3.6997969237748567
336  3.96205132631413  -3.7310128296088103
337  3.9826518188703006  -3.7616646573838666
338  4.003562852789488  -3.791747772963312
339  4.0247854231815925  -3.8212576281919377
340  4.04632047555993  -3.8501897615836507
341  4.068168903540558  -3.8785397989959915
342  4.090331546521605  -3.906303454291436
343  4.112809187343625  -3.933476529985415
344  4.135602549932095  -3.9600549178809104
345  4.158712296923148  -3.98603459968955
346  4.182139027273805  -4.011411647639134
347  4.205883273857866  -4.03618222506744
348  4.229945501048832  -4.060342587002302
349  4.2543261022911265  -4.083889080727767
350  4.279025397661101  -4.106818146336358
351  4.304043631419208  -4.1291263172672705
352  4.329380969554885  -4.150810220830486
353  4.355037497325704  -4.171866578716653
354  4.381013216792385  -4.192292207492741
355  4.407308044351348  -4.212084019083324
356  4.433921808266543  -4.2312390212374575
357  4.460854246202301  -4.249754317981067
358  4.488105002759017  -4.267627110054771
359  4.515673627013623  -4.284854695337108
360  4.543559570066664  -4.301434469253042
361  4.5717621825980626  -4.31736392516775
362  4.600280712433516  -4.332640654765584
363  4.629114302123709  -4.347262348414184
364  4.658261986538327  -4.361226795513653
365  4.687722690477202  -4.374531884830776
366  4.717495226300716  -4.387175604818206
367  4.747578291581763  -4.399156043918586
368  4.777970466781585  -4.410471390853546
369  4.8086702129518315  -4.421119934897548
370  4.839675869465273  -4.431100066136519
371  4.870985651777571  -4.440410275711255
372  4.90259764922259  -4.449049156045532
373  4.934509822843808  -4.457015401058917
374  4.966720003264319  -4.46430780636423
375  4.999225888598065  -4.470925269449629
376  5.032025042404865  -4.476866789845293
377  5.065114891691929  -4.482131469274685
378  5.098492724964489  -4.48671851179035
379  5.132155690328293  -4.490627223894265
380  5.166100793646597  -4.4938570146426695
381  5.200324896754484  -4.4964073957354245
382  5.2348247157331755  -4.4982779815898235
383  5.269596819247193  -4.499468489398896
384  5.304637626947005  -4.499978739174161
385  5.339943407940129  -4.499808653772837
386  5.37551027933328  -4.498958258909509
387  5.411334204848494  -4.497427683152237
388  5.447410993515934  -4.495217157903121
389  5.483736298446189  -4.492327017363316
390  5.5203056156848405  -4.4887576984825
391  5.557114283151964  -4.484509740892823
392  5.594157479669471  -4.4795837868273125
393  5.63143022407881  -4.473980581022785
394  5.668927374451899  -4.467700970607241
395  5.706643627397792  -4.460745904971805
396  5.744573517467842  -4.453116435627179
397  5.782711416661852  -4.444813716044675
398  5.821051534037845  -4.43583900148182
399  5.8595879154278965  -4.426193648792584
400  5.898314443262501  -4.415879116222242
401  5.937224836505932  -4.404896963186902
402  5.976312650704835  -4.3932488500377485
403  6.015571278152443  -4.380936537810014
404  6.054993948170524  -4.367961887956742
405  6.094573727511338  -4.354326862067357
406  6.134303520881512  -4.340033521571097
407  6.174176071589956  -4.325084027425353
408  6.214183962321635  -4.309480639788972
409  6.254319616039066  -4.29322571768054
410  6.294575297013257  -4.276321718621732
411  6.334943111985627  -4.258771198265778
412  6.3754150114625725  -4.2405768100110715
413  6.415982791143976  -4.221741304600019
414  6.456638093487011  -4.202267529703163
415  6.4973724094064265  -4.182158429488657
416  6.538177080112391  -4.161417044177139
417  6.57904329908683  -4.140046509582101
418  6.619962114199078  -4.118050056635791
419  6.660924429961573  -4.095431010900744
420  6.701921009926075  -4.0721927920670025
421  6.742942479220954  -4.048338913435095
422  6.783979327229674  -4.023872981384896
423  6.825021910410743  -3.998798694830367
424  6.866060455259028  -3.9731198446603497
425  6.907085061408359  -3.9468403131654175
426  6.94808570487497  -3.919964073450946
427  6.9890522414414855  -3.892495188836417
428  7.029974410180661  -3.8644378122411136
429  7.070841837118205  -3.835796185556245
430  7.111644039033638  -3.806574639003634
431  7.152370427398139  -3.776777590481054
432  7.193010312448086  -3.7464095448942905
433  7.2335529073927844  -3.7154750934760705
434  7.273987332754831  -3.6839789130919263
435  7.3143026208412785  -3.651925765533125
436  7.354487720343688  -3.619320496796738
437  7.39453150106484  -3.5861680363530035
438  7.4344227587699265  -3.55247339640005
439  7.474150220159638  -3.518241671106135
440  7.513702547962569  -3.483478035839455
441  7.553068346144081  -3.4481877463857162
442  7.592236165228641  -3.4123761381535314
443  7.631194507732517  -3.376048625367771
444  7.669931833703438  -3.3392107002510105
445  7.708436566363765  -3.301867932193182
446  7.746697097853528  -3.264025966909563
447  7.784701795069472  -3.2256905255872117
448  7.82243900559617  -3.1868674040200102
449  7.859897063725037  -3.147562471732412
450  7.897064296556966  -3.107781671092062
451  7.933929030184165  -3.067531016411388
452  7.970479595946592  -3.0268165930382978
453  8.00670433675821  -2.9856445564361973
454  8.042591613498315  -2.9440211312533324
455  8.07812981146278  -2.901952610381737
456  8.113307346870227  -2.859445354005799
457  8.148112673417733  -2.816505788640729
458  8.182534288880813  -2.773140406160923
459  8.216560741752089  -2.729355762818509
460  8.250180637913147  -2.685158478252097
461  8.283382647333735  -2.6405552344860186
462  8.316155510792665  -2.5955527749200766
463  8.348488046614428  -2.55015790331003
464  8.380369157415565  -2.504377482738968
465  8.41178783685478  -2.4582184345797033
466  8.442733176380628  -2.411687737448368
467  8.473194371970695  -2.3647924261493087
468  8.503160730855884  -2.3175395906115632
469  8.532621678223709  -2.2699363748169255
470  8.561566763894133  -2.2219899757199015
471  8.58998566896171  -2.173707642159593
472  8.617868212397571  -2.125096673763811
473  8.645204357604943  -2.0761644198454534
474  8.671984218921803  -2.0269182782913817
475  8.69819806806423  -1.977365694443975
476  8.723836340504135  -1.927514159975488
477  8.748889641774994  -1.8773712117554264
478  8.773348753699265  -1.8269444307110558
479  8.79720464053118  -1.7762414406812816
480  8.820448455008698  -1.725269907264023
481  8.843071544308401  -1.6740375366572935
482  8.865065455897254  -1.622552074494108
483  8.886421943275105  -1.5708213046714592
484  8.90713297160202  -1.5188530481735105
485  8.927190723204546  -1.466655161889145
486  8.946587602955077  -1.4142355374241438
487  8.965316243518739  -1.3616020999080387
488  8.983369510462104  -1.3087628067959944
489  9.000740507218406  -1.255725646665704
490  9.017422579903869  -1.2024986380096643
491  9.033409321980011  -1.1490898280228423
492  9.04869457875688  -1.0955072913861017
493  9.063272451732356  -1.0417591290453958
494  9.07713730276282  -0.9878534669869942
495  9.090283758060592  -0.9337984550089944
496  9.10270671201385  -0.8796022654891381
497  9.11440133082477  -0.8252730921492973
498  9.125363055961923  -0.7708191488166501
499  9.135587607423119  -0.7162486681819163
500  9.145070986805091  -0.6615699005546409
501  9.153809480176601  -0.6067911126158994
502  9.161799660751832  -0.5519205861684408
503  9.16903839136101  -0.4969666168846451
504  9.17552282671559  -0.44193751305230244
505  9.18125041546541  -0.3868415943185101
506  9.186218902045571  -0.3316871904318679
507  9.190426328310906  -0.2764826399831256
508  9.193871034956294  -0.22123628914451907
509  9.196551662721133  -0.16595649040791854
510  9.198467153376706  -0.11065160132206264
511  9.199616750495267  -0.05532998322900325
512  9.2  -1.102182119232618e-15
