scalars

  65		Number of x grid
 125		Number of z grid
      0.8399999738		Left x position in rectangular grid
      2.5399999619		Right x position in rectangular grid
     -1.6000000238		Lower z position in rectangular grid
      1.6000000238		Upper z position in rectangular grid
 512		mthsurf	mthin	Number of poloidal nodes
 -12		mlow	lmin	Lowest poloidal harmonic
  21		mhigh	lmax	Highest poloidal harmonic
   1		nn		ntor	Toroidal harmonic
 5.2000000000	qa	qa1	Safety factor at plasma edge
Poloidal Coordinate Theta:

  0.0000000000E+00  1.9531250000E-03  3.9062500000E-03  5.8593750000E-03
  7.8125000000E-03  9.7656250000E-03  1.1718750000E-02  1.3671875000E-02
  1.5625000000E-02  1.7578125000E-02  1.9531250000E-02  2.1484375000E-02
  2.3437500000E-02  2.5390625000E-02  2.7343750000E-02  2.9296875000E-02
  3.1250000000E-02  3.3203125000E-02  3.5156250000E-02  3.7109375000E-02
  3.9062500000E-02  4.1015625000E-02  4.2968750000E-02  4.4921875000E-02
  4.6875000000E-02  4.8828125000E-02  5.0781250000E-02  5.2734375000E-02
  5.4687500000E-02  5.6640625000E-02  5.8593750000E-02  6.0546875000E-02
  6.2500000000E-02  6.4453125000E-02  6.6406250000E-02  6.8359375000E-02
  7.0312500000E-02  7.2265625000E-02  7.4218750000E-02  7.6171875000E-02
  7.8125000000E-02  8.0078125000E-02  8.2031250000E-02  8.3984375000E-02
  8.5937500000E-02  8.7890625000E-02  8.9843750000E-02  9.1796875000E-02
  9.3750000000E-02  9.5703125000E-02  9.7656250000E-02  9.9609375000E-02
  1.0156250000E-01  1.0351562500E-01  1.0546875000E-01  1.0742187500E-01
  1.0937500000E-01  1.1132812500E-01  1.1328125000E-01  1.1523437500E-01
  1.1718750000E-01  1.1914062500E-01  1.2109375000E-01  1.2304687500E-01
  1.2500000000E-01  1.2695312500E-01  1.2890625000E-01  1.3085937500E-01
  1.3281250000E-01  1.3476562500E-01  1.3671875000E-01  1.3867187500E-01
  1.4062500000E-01  1.4257812500E-01  1.4453125000E-01  1.4648437500E-01
  1.4843750000E-01  1.5039062500E-01  1.5234375000E-01  1.5429687500E-01
  1.5625000000E-01  1.5820312500E-01  1.6015625000E-01  1.6210937500E-01
  1.6406250000E-01  1.6601562500E-01  1.6796875000E-01  1.6992187500E-01
  1.7187500000E-01  1.7382812500E-01  1.7578125000E-01  1.7773437500E-01
  1.7968750000E-01  1.8164062500E-01  1.8359375000E-01  1.8554687500E-01
  1.8750000000E-01  1.8945312500E-01  1.9140625000E-01  1.9335937500E-01
  1.9531250000E-01  1.9726562500E-01  1.9921875000E-01  2.0117187500E-01
  2.0312500000E-01  2.0507812500E-01  2.0703125000E-01  2.0898437500E-01
  2.1093750000E-01  2.1289062500E-01  2.1484375000E-01  2.1679687500E-01
  2.1875000000E-01  2.2070312500E-01  2.2265625000E-01  2.2460937500E-01
  2.2656250000E-01  2.2851562500E-01  2.3046875000E-01  2.3242187500E-01
  2.3437500000E-01  2.3632812500E-01  2.3828125000E-01  2.4023437500E-01
  2.4218750000E-01  2.4414062500E-01  2.4609375000E-01  2.4804687500E-01
  2.5000000000E-01  2.5195312500E-01  2.5390625000E-01  2.5585937500E-01
  2.5781250000E-01  2.5976562500E-01  2.6171875000E-01  2.6367187500E-01
  2.6562500000E-01  2.6757812500E-01  2.6953125000E-01  2.7148437500E-01
  2.7343750000E-01  2.7539062500E-01  2.7734375000E-01  2.7929687500E-01
  2.8125000000E-01  2.8320312500E-01  2.8515625000E-01  2.8710937500E-01
  2.8906250000E-01  2.9101562500E-01  2.9296875000E-01  2.9492187500E-01
  2.9687500000E-01  2.9882812500E-01  3.0078125000E-01  3.0273437500E-01
  3.0468750000E-01  3.0664062500E-01  3.0859375000E-01  3.1054687500E-01
  3.1250000000E-01  3.1445312500E-01  3.1640625000E-01  3.1835937500E-01
  3.2031250000E-01  3.2226562500E-01  3.2421875000E-01  3.2617187500E-01
  3.2812500000E-01  3.3007812500E-01  3.3203125000E-01  3.3398437500E-01
  3.3593750000E-01  3.3789062500E-01  3.3984375000E-01  3.4179687500E-01
  3.4375000000E-01  3.4570312500E-01  3.4765625000E-01  3.4960937500E-01
  3.5156250000E-01  3.5351562500E-01  3.5546875000E-01  3.5742187500E-01
  3.5937500000E-01  3.6132812500E-01  3.6328125000E-01  3.6523437500E-01
  3.6718750000E-01  3.6914062500E-01  3.7109375000E-01  3.7304687500E-01
  3.7500000000E-01  3.7695312500E-01  3.7890625000E-01  3.8085937500E-01
  3.8281250000E-01  3.8476562500E-01  3.8671875000E-01  3.8867187500E-01
  3.9062500000E-01  3.9257812500E-01  3.9453125000E-01  3.9648437500E-01
  3.9843750000E-01  4.0039062500E-01  4.0234375000E-01  4.0429687500E-01
  4.0625000000E-01  4.0820312500E-01  4.1015625000E-01  4.1210937500E-01
  4.1406250000E-01  4.1601562500E-01  4.1796875000E-01  4.1992187500E-01
  4.2187500000E-01  4.2382812500E-01  4.2578125000E-01  4.2773437500E-01
  4.2968750000E-01  4.3164062500E-01  4.3359375000E-01  4.3554687500E-01
  4.3750000000E-01  4.3945312500E-01  4.4140625000E-01  4.4335937500E-01
  4.4531250000E-01  4.4726562500E-01  4.4921875000E-01  4.5117187500E-01
  4.5312500000E-01  4.5507812500E-01  4.5703125000E-01  4.5898437500E-01
  4.6093750000E-01  4.6289062500E-01  4.6484375000E-01  4.6679687500E-01
  4.6875000000E-01  4.7070312500E-01  4.7265625000E-01  4.7460937500E-01
  4.7656250000E-01  4.7851562500E-01  4.8046875000E-01  4.8242187500E-01
  4.8437500000E-01  4.8632812500E-01  4.8828125000E-01  4.9023437500E-01
  4.9218750000E-01  4.9414062500E-01  4.9609375000E-01  4.9804687500E-01
  5.0000000000E-01  5.0195312500E-01  5.0390625000E-01  5.0585937500E-01
  5.0781250000E-01  5.0976562500E-01  5.1171875000E-01  5.1367187500E-01
  5.1562500000E-01  5.1757812500E-01  5.1953125000E-01  5.2148437500E-01
  5.2343750000E-01  5.2539062500E-01  5.2734375000E-01  5.2929687500E-01
  5.3125000000E-01  5.3320312500E-01  5.3515625000E-01  5.3710937500E-01
  5.3906250000E-01  5.4101562500E-01  5.4296875000E-01  5.4492187500E-01
  5.4687500000E-01  5.4882812500E-01  5.5078125000E-01  5.5273437500E-01
  5.5468750000E-01  5.5664062500E-01  5.5859375000E-01  5.6054687500E-01
  5.6250000000E-01  5.6445312500E-01  5.6640625000E-01  5.6835937500E-01
  5.7031250000E-01  5.7226562500E-01  5.7421875000E-01  5.7617187500E-01
  5.7812500000E-01  5.8007812500E-01  5.8203125000E-01  5.8398437500E-01
  5.8593750000E-01  5.8789062500E-01  5.8984375000E-01  5.9179687500E-01
  5.9375000000E-01  5.9570312500E-01  5.9765625000E-01  5.9960937500E-01
  6.0156250000E-01  6.0351562500E-01  6.0546875000E-01  6.0742187500E-01
  6.0937500000E-01  6.1132812500E-01  6.1328125000E-01  6.1523437500E-01
  6.1718750000E-01  6.1914062500E-01  6.2109375000E-01  6.2304687500E-01
  6.2500000000E-01  6.2695312500E-01  6.2890625000E-01  6.3085937500E-01
  6.3281250000E-01  6.3476562500E-01  6.3671875000E-01  6.3867187500E-01
  6.4062500000E-01  6.4257812500E-01  6.4453125000E-01  6.4648437500E-01
  6.4843750000E-01  6.5039062500E-01  6.5234375000E-01  6.5429687500E-01
  6.5625000000E-01  6.5820312500E-01  6.6015625000E-01  6.6210937500E-01
  6.6406250000E-01  6.6601562500E-01  6.6796875000E-01  6.6992187500E-01
  6.7187500000E-01  6.7382812500E-01  6.7578125000E-01  6.7773437500E-01
  6.7968750000E-01  6.8164062500E-01  6.8359375000E-01  6.8554687500E-01
  6.8750000000E-01  6.8945312500E-01  6.9140625000E-01  6.9335937500E-01
  6.9531250000E-01  6.9726562500E-01  6.9921875000E-01  7.0117187500E-01
  7.0312500000E-01  7.0507812500E-01  7.0703125000E-01  7.0898437500E-01
  7.1093750000E-01  7.1289062500E-01  7.1484375000E-01  7.1679687500E-01
  7.1875000000E-01  7.2070312500E-01  7.2265625000E-01  7.2460937500E-01
  7.2656250000E-01  7.2851562500E-01  7.3046875000E-01  7.3242187500E-01
  7.3437500000E-01  7.3632812500E-01  7.3828125000E-01  7.4023437500E-01
  7.4218750000E-01  7.4414062500E-01  7.4609375000E-01  7.4804687500E-01
  7.5000000000E-01  7.5195312500E-01  7.5390625000E-01  7.5585937500E-01
  7.5781250000E-01  7.5976562500E-01  7.6171875000E-01  7.6367187500E-01
  7.6562500000E-01  7.6757812500E-01  7.6953125000E-01  7.7148437500E-01
  7.7343750000E-01  7.7539062500E-01  7.7734375000E-01  7.7929687500E-01
  7.8125000000E-01  7.8320312500E-01  7.8515625000E-01  7.8710937500E-01
  7.8906250000E-01  7.9101562500E-01  7.9296875000E-01  7.9492187500E-01
  7.9687500000E-01  7.9882812500E-01  8.0078125000E-01  8.0273437500E-01
  8.0468750000E-01  8.0664062500E-01  8.0859375000E-01  8.1054687500E-01
  8.1250000000E-01  8.1445312500E-01  8.1640625000E-01  8.1835937500E-01
  8.2031250000E-01  8.2226562500E-01  8.2421875000E-01  8.2617187500E-01
  8.2812500000E-01  8.3007812500E-01  8.3203125000E-01  8.3398437500E-01
  8.3593750000E-01  8.3789062500E-01  8.3984375000E-01  8.4179687500E-01
  8.4375000000E-01  8.4570312500E-01  8.4765625000E-01  8.4960937500E-01
  8.5156250000E-01  8.5351562500E-01  8.5546875000E-01  8.5742187500E-01
  8.5937500000E-01  8.6132812500E-01  8.6328125000E-01  8.6523437500E-01
  8.6718750000E-01  8.6914062500E-01  8.7109375000E-01  8.7304687500E-01
  8.7500000000E-01  8.7695312500E-01  8.7890625000E-01  8.8085937500E-01
  8.8281250000E-01  8.8476562500E-01  8.8671875000E-01  8.8867187500E-01
  8.9062500000E-01  8.9257812500E-01  8.9453125000E-01  8.9648437500E-01
  8.9843750000E-01  9.0039062500E-01  9.0234375000E-01  9.0429687500E-01
  9.0625000000E-01  9.0820312500E-01  9.1015625000E-01  9.1210937500E-01
  9.1406250000E-01  9.1601562500E-01  9.1796875000E-01  9.1992187500E-01
  9.2187500000E-01  9.2382812500E-01  9.2578125000E-01  9.2773437500E-01
  9.2968750000E-01  9.3164062500E-01  9.3359375000E-01  9.3554687500E-01
  9.3750000000E-01  9.3945312500E-01  9.4140625000E-01  9.4335937500E-01
  9.4531250000E-01  9.4726562500E-01  9.4921875000E-01  9.5117187500E-01
  9.5312500000E-01  9.5507812500E-01  9.5703125000E-01  9.5898437500E-01
  9.6093750000E-01  9.6289062500E-01  9.6484375000E-01  9.6679687500E-01
  9.6875000000E-01  9.7070312500E-01  9.7265625000E-01  9.7460937500E-01
  9.7656250000E-01  9.7851562500E-01  9.8046875000E-01  9.8242187500E-01
  9.8437500000E-01  9.8632812500E-01  9.8828125000E-01  9.9023437500E-01
  9.9218750000E-01  9.9414062500E-01  9.9609375000E-01  9.9804687500E-01
  1.0000000000E+00
Polar Angle Eta:

  0.0000000000E+00  2.8789296083E-02  5.7554912524E-02  8.6344778934E-02
  1.1524263328E-01  1.4430344382E-01  1.7343129165E-01  2.0253150564E-01
  2.3166529287E-01  2.6091417124E-01  2.9028502369E-01  3.1976952780E-01
  3.4937317475E-01  3.7908965780E-01  4.0885166472E-01  4.3859390024E-01
  4.6832014227E-01  4.9803846387E-01  5.2770504555E-01  5.5725955783E-01
  5.8662752371E-01  6.1574024333E-01  6.4456627304E-01  6.7308276220E-01
  7.0126397620E-01  7.2908337327E-01  7.5651406700E-01  7.8353030267E-01
  8.1011119706E-01  8.3623914225E-01  8.6190476029E-01  8.8710326963E-01
  9.1184004437E-01  9.3612478797E-01  9.5997436575E-01  9.8340400234E-01
  1.0064151978E+00  1.0290020376E+00  1.0511426740E+00  1.0728230915E+00
  1.0940765374E+00  1.1149366606E+00  1.1353914520E+00  1.1554252768E+00
  1.1750536560E+00  1.1942912124E+00  1.2131178205E+00  1.2315132110E+00
  1.2494912884E+00  1.2670689563E+00  1.2842409411E+00  1.3009986832E+00
  1.3173426565E+00  1.3332759506E+00  1.3488030839E+00  1.3639303083E+00
  1.3786693794E+00  1.3930304031E+00  1.4070113817E+00  1.4206097007E+00
  1.4338323808E+00  1.4466904323E+00  1.4592011864E+00  1.4713795738E+00
  1.4832246014E+00  1.4947338028E+00  1.5059147426E+00  1.5167800669E+00
  1.5273527166E+00  1.5376512967E+00  1.5476667732E+00  1.5573916443E+00
  1.5668521769E+00  1.5760763470E+00  1.5850651986E+00  1.5938158146E+00
  1.6023363664E+00  1.6106364703E+00  1.6187204334E+00  1.6265929858E+00
  1.6342658596E+00  1.6417500632E+00  1.6490467088E+00  1.6561578747E+00
  1.6630994015E+00  1.6698861397E+00  1.6765152188E+00  1.6829838165E+00
  1.6893070242E+00  1.6954986161E+00  1.7015491855E+00  1.7074489157E+00
  1.7132095308E+00  1.7188459580E+00  1.7243643948E+00  1.7297680974E+00
  1.7350572846E+00  1.7402327965E+00  1.7453009936E+00  1.7502680346E+00
  1.7551337496E+00  1.7598971935E+00  1.7645606500E+00  1.7691269706E+00
  1.7735980512E+00  1.7779763360E+00  1.7822674197E+00  1.7864769027E+00
  1.7906072600E+00  1.7946597325E+00  1.7986337520E+00  1.8025286344E+00
  1.8063450434E+00  1.8100844863E+00  1.8137504967E+00  1.8173469189E+00
  1.8208768132E+00  1.8243425655E+00  1.8277446497E+00  1.8310831489E+00
  1.8343584964E+00  1.8375711601E+00  1.8407213967E+00  1.8438093829E+00
  1.8468351884E+00  1.8497995053E+00  1.8527056248E+00  1.8555571461E+00
  1.8583563035E+00  1.8611047774E+00  1.8638033999E+00  1.8664528046E+00
  1.8690536802E+00  1.8716066337E+00  1.8741118925E+00  1.8765697272E+00
  1.8789809615E+00  1.8813466705E+00  1.8836683829E+00  1.8859477296E+00
  1.8881862985E+00  1.8903856418E+00  1.8925472108E+00  1.8946724150E+00
  1.8967625967E+00  1.8988190670E+00  1.9008430815E+00  1.9028358675E+00
  1.9047985967E+00  1.9067324228E+00  1.9086384841E+00  1.9105179003E+00
  1.9123717319E+00  1.9142010194E+00  1.9160067826E+00  1.9177900372E+00
  1.9195518022E+00  1.9212930983E+00  1.9230149504E+00  1.9247183838E+00
  1.9264044223E+00  1.9280740900E+00  1.9297284154E+00  1.9313684228E+00
  1.9329951172E+00  1.9346094973E+00  1.9362125553E+00  1.9378052803E+00
  1.9393886568E+00  1.9409636656E+00  1.9425312795E+00  1.9440924675E+00
  1.9456481931E+00  1.9471994174E+00  1.9487470981E+00  1.9502921921E+00
  1.9518356568E+00  1.9533784483E+00  1.9549215169E+00  1.9564658150E+00
  1.9580123069E+00  1.9595619555E+00  1.9611157038E+00  1.9626744824E+00
  1.9642391917E+00  1.9658107283E+00  1.9673900039E+00  1.9689779376E+00
  1.9705754636E+00  1.9721835230E+00  1.9738030693E+00  1.9754350638E+00
  1.9770804865E+00  1.9787403261E+00  1.9804155879E+00  1.9821072924E+00
  1.9838165027E+00  1.9855442937E+00  1.9872917421E+00  1.9890599144E+00
  1.9908498331E+00  1.9926625184E+00  1.9944990241E+00  1.9963604206E+00
  1.9982478093E+00  2.0001623188E+00  2.0021051546E+00  2.0040775466E+00
  2.0060807464E+00  2.0081160173E+00  2.0101846499E+00  2.0122879516E+00
  2.0144272709E+00  2.0166039849E+00  2.0188195446E+00  2.0210754596E+00
  2.0233733998E+00  2.0257150829E+00  2.0281022588E+00  2.0305366969E+00
  2.0330202145E+00  2.0355546413E+00  2.0381418099E+00  2.0407835944E+00
  2.0434820335E+00  2.0462392819E+00  2.0490577936E+00  2.0519401369E+00
  2.0548890377E+00  2.0579073135E+00  2.0609979900E+00  2.0641641715E+00
  2.0674090680E+00  2.0707359237E+00  2.0741480137E+00  2.0776486809E+00
  2.0812415093E+00  2.0849302343E+00  2.0887189569E+00  2.0926120432E+00
  2.0966145538E+00  2.1007317134E+00  2.1049687076E+00  2.1093306626E+00
  2.1138225051E+00  2.1184492929E+00  2.1232168089E+00  2.1281311252E+00
  2.1331987467E+00  2.1384263389E+00  2.1438207776E+00  2.1493890436E+00
  2.1551383281E+00  2.1610758535E+00  2.1672087565E+00  2.1735444337E+00
  2.1800914052E+00  2.1868584070E+00  2.1938539121E+00  2.2010863806E+00
  2.2085644828E+00  2.2162970684E+00  2.2242934956E+00  2.2325632082E+00
  2.2411154819E+00  2.2499597636E+00  2.2591063527E+00  2.2685659574E+00
  2.2783500705E+00  2.2884697435E+00  2.2989334771E+00  2.3097498216E+00
  2.3209300761E+00  2.3324863999E+00  2.3444316448E+00  2.3567780555E+00
  2.3695347574E+00  2.3827108089E+00  2.3963181198E+00  2.4103692686E+00
  2.4248766590E+00  2.4398514684E+00  2.4553001432E+00  2.4712296535E+00
  2.4876537930E+00  2.5045862900E+00  2.5220337873E+00  2.5400008911E+00
  2.5584911466E+00  2.5775093528E+00  2.5970663846E+00  2.6171727421E+00
  2.6378313514E+00  2.6590420908E+00  2.6808002202E+00  2.7031005169E+00
  2.7259404473E+00  2.7493167704E+00  2.7732207294E+00  2.7976405269E+00
  2.8225577210E+00  2.8479500210E+00  2.8737863866E+00  2.9000331483E+00
  2.9266548696E+00  2.9536154059E+00  2.9808775479E+00  3.0084037804E+00
  3.0361564305E+00  3.0640981145E+00  3.0921927611E+00  3.1204048966E+00
  3.1487001225E+00  3.1770437809E+00  3.2053990989E+00  3.2337279099E+00
  3.2619885873E+00  3.2901402352E+00  3.3181483391E+00  3.3459812785E+00
  3.3736126270E+00  3.4010138857E+00  3.4281430711E+00  3.4549571090E+00
  3.4814220473E+00  3.5075072119E+00  3.5331859191E+00  3.5584298030E+00
  3.5831997789E+00  3.6074584082E+00  3.6311855588E+00  3.6543627776E+00
  3.6769610231E+00  3.6989534517E+00  3.7203326015E+00  3.7410943032E+00
  3.7612281786E+00  3.7807266087E+00  3.7995992215E+00  3.8178588065E+00
  3.8355135535E+00  3.8525733102E+00  3.8690591579E+00  3.8849940484E+00
  3.9003971829E+00  3.9152882707E+00  3.9296928033E+00  3.9436367660E+00
  3.9571423376E+00  3.9702314716E+00  3.9829290275E+00  3.9952595143E+00
  4.0072431334E+00  4.0188991055E+00  4.0302470390E+00  4.0413064962E+00
  4.0520964694E+00  4.0626351358E+00  4.0729379825E+00  4.0830196033E+00
  4.0928937080E+00  4.1025735021E+00  4.1120710556E+00  4.1213979457E+00
  4.1305649104E+00  4.1395822511E+00  4.1484593589E+00  4.1572053460E+00
  4.1658291196E+00  4.1743396211E+00  4.1827461340E+00  4.1910573067E+00
  4.1992789060E+00  4.2074159956E+00  4.2154737104E+00  4.2234575079E+00
  4.2313740636E+00  4.2392302474E+00  4.2470324879E+00  4.2547867797E+00
  4.2624978235E+00  4.2701699989E+00  4.2778076950E+00  4.2854156339E+00
  4.2929998585E+00  4.3005661282E+00  4.3081177470E+00  4.3156572839E+00
  4.3231868241E+00  4.3307088625E+00  4.3382280184E+00  4.3457497676E+00
  4.3532808877E+00  4.3608272548E+00  4.3683898384E+00  4.3759688473E+00
  4.3835663547E+00  4.3911847174E+00  4.3988255621E+00  4.4064907238E+00
  4.4141835996E+00  4.4219081017E+00  4.4296686388E+00  4.4374695675E+00
  4.4453145407E+00  4.4532068670E+00  4.4611491816E+00  4.4691438031E+00
  4.4771924573E+00  4.4852966125E+00  4.4934573001E+00  4.5016753608E+00
  4.5099513100E+00  4.5182855489E+00  4.5266783466E+00  4.5351300619E+00
  4.5436415448E+00  4.5522141404E+00  4.5608506839E+00  4.5695552081E+00
  4.5783350456E+00  4.5871984638E+00  4.5961541694E+00  4.6052097171E+00
  4.6143676161E+00  4.6236258747E+00  4.6329695445E+00  4.6423825238E+00
  4.6518570531E+00  4.6613943598E+00  4.6710232762E+00  4.6807747677E+00
  4.6906607265E+00  4.7006798602E+00  4.7107972107E+00  4.7209841077E+00
  4.7312706990E+00  4.7416972944E+00  4.7522860340E+00  4.7630416333E+00
  4.7739172790E+00  4.7848775777E+00  4.7959843450E+00  4.8072970106E+00
  4.8187682503E+00  4.8303512296E+00  4.8421078236E+00  4.8540997927E+00
  4.8662797269E+00  4.8785967468E+00  4.8910952633E+00  4.9038262389E+00
  4.9167715523E+00  4.9299057335E+00  4.9432430022E+00  4.9568050882E+00
  4.9706040704E+00  4.9846457963E+00  4.9989208374E+00  5.0134206272E+00
  5.0281553251E+00  5.0431373064E+00  5.0583690850E+00  5.0738538783E+00
  5.0896075779E+00  5.1056438732E+00  5.1219549689E+00  5.1385336003E+00
  5.1553961107E+00  5.1725623970E+00  5.1900429625E+00  5.2078457623E+00
  5.2259779529E+00  5.2444490978E+00  5.2632791864E+00  5.2824904975E+00
  5.3021040402E+00  5.3221411364E+00  5.3426256266E+00  5.3635818298E+00
  5.3850334611E+00  5.4070046762E+00  5.4295219992E+00  5.4526112195E+00
  5.4762928211E+00  5.5005856253E+00  5.5255071106E+00  5.5510649625E+00
  5.5772290396E+00  5.6039690628E+00  5.6312920317E+00  5.6591996990E+00
  5.6876355524E+00  5.7165333341E+00  5.7458460684E+00  5.7755230150E+00
  5.8054790921E+00  5.8356310973E+00  5.8659376863E+00  5.8963580555E+00
  5.9268117045E+00  5.9572210955E+00  5.9875602355E+00  6.0178060400E+00
  6.0478955130E+00  6.0777881011E+00  6.1075729348E+00  6.1373245046E+00
  6.1669290590E+00  6.1962660389E+00  6.2253758976E+00  6.2543328704E+00
  6.2831853072E+00
Radial Coordinate X:

  2.2891936802E+00  2.2890557161E+00  2.2885233007E+00  2.2875856573E+00
  2.2862573646E+00  2.2845516530E+00  2.2824688149E+00  2.2800122183E+00
  2.2771841675E+00  2.2739865430E+00  2.2704404649E+00  2.2665688748E+00
  2.2623818973E+00  2.2578862106E+00  2.2530937076E+00  2.2480183083E+00
  2.2426644249E+00  2.2370391894E+00  2.2311789667E+00  2.2251168280E+00
  2.2188463338E+00  2.2123617182E+00  2.2056805296E+00  2.1988213637E+00
  2.1917892746E+00  2.1845879219E+00  2.1772242159E+00  2.1697060411E+00
  2.1620383201E+00  2.1542258137E+00  2.1462709810E+00  2.1381761444E+00
  2.1299417526E+00  2.1215676886E+00  2.1130525008E+00  2.1043955300E+00
  2.0956025463E+00  2.0866838783E+00  2.0776602347E+00  2.0685498939E+00
  2.0593461607E+00  2.0500393014E+00  2.0406403220E+00  2.0311651617E+00
  2.0216200143E+00  2.0120111277E+00  2.0023625919E+00  1.9926973604E+00
  1.9830123021E+00  1.9733027662E+00  1.9635834887E+00  1.9538725739E+00
  1.9441818007E+00  1.9345195960E+00  1.9248890458E+00  1.9152930158E+00
  1.9057345545E+00  1.8962180814E+00  1.8867561815E+00  1.8773615732E+00
  1.8680387002E+00  1.8587886466E+00  1.8496071619E+00  1.8404920301E+00
  1.8314549748E+00  1.8225085713E+00  1.8136558211E+00  1.8048952904E+00
  1.7962167842E+00  1.7876133627E+00  1.7791018418E+00  1.7706975888E+00
  1.7623858550E+00  1.7541499020E+00  1.7459965679E+00  1.7379359003E+00
  1.7299675128E+00  1.7220892657E+00  1.7143040276E+00  1.7066143163E+00
  1.6990154435E+00  1.6915028358E+00  1.6840811334E+00  1.6767540206E+00
  1.6695119421E+00  1.6623458938E+00  1.6552635243E+00  1.6482721536E+00
  1.6413606192E+00  1.6345186140E+00  1.6277597674E+00  1.6210984769E+00
  1.6145269359E+00  1.6080337089E+00  1.6016163213E+00  1.5952752084E+00
  1.5890135521E+00  1.5828335111E+00  1.5767304009E+00  1.5706995034E+00
  1.5647436781E+00  1.5588670565E+00  1.5530711567E+00  1.5473564795E+00
  1.5417219485E+00  1.5361657102E+00  1.5306850027E+00  1.5252773051E+00
  1.5199419279E+00  1.5146790308E+00  1.5094905632E+00  1.5043785447E+00
  1.4993435914E+00  1.4943855738E+00  1.4895029350E+00  1.4846937799E+00
  1.4799563466E+00  1.4752893212E+00  1.4706932004E+00  1.4661688128E+00
  1.4617165962E+00  1.4573368812E+00  1.4530300567E+00  1.4487966288E+00
  1.4446376220E+00  1.4405535865E+00  1.4365426936E+00  1.4326025963E+00
  1.4287312946E+00  1.4249271043E+00  1.4211893920E+00  1.4175178058E+00
  1.4139121454E+00  1.4103723113E+00  1.4068985053E+00  1.4034908482E+00
  1.4001488869E+00  1.3968718721E+00  1.3936584918E+00  1.3905072764E+00
  1.3874167423E+00  1.3843854085E+00  1.3814118664E+00  1.3784947275E+00
  1.3756326528E+00  1.3728243215E+00  1.3700684741E+00  1.3673638675E+00
  1.3647092955E+00  1.3621035631E+00  1.3595455119E+00  1.3570339954E+00
  1.3545679002E+00  1.3521461212E+00  1.3497675762E+00  1.3474311849E+00
  1.3451358730E+00  1.3428805640E+00  1.3406641847E+00  1.3384856627E+00
  1.3363439392E+00  1.3342379572E+00  1.3321666649E+00  1.3301290139E+00
  1.3281239740E+00  1.3261505222E+00  1.3242076526E+00  1.3222943682E+00
  1.3204096927E+00  1.3185526606E+00  1.3167223269E+00  1.3149177574E+00
  1.3131380372E+00  1.3113822621E+00  1.3096495484E+00  1.3079390229E+00
  1.3062498281E+00  1.3045811192E+00  1.3029320781E+00  1.3013018974E+00
  1.2996897731E+00  1.2980949181E+00  1.2965165934E+00  1.2949540908E+00
  1.2934067605E+00  1.2918739752E+00  1.2903551180E+00  1.2888495835E+00
  1.2873567777E+00  1.2858761188E+00  1.2844070338E+00  1.2829489610E+00
  1.2815013432E+00  1.2800636346E+00  1.2786352953E+00  1.2772157940E+00
  1.2758045873E+00  1.2744011476E+00  1.2730049765E+00  1.2716156182E+00
  1.2702327095E+00  1.2688559209E+00  1.2674849116E+00  1.2661193561E+00
  1.2647589428E+00  1.2634033761E+00  1.2620523448E+00  1.2607055523E+00
  1.2593626983E+00  1.2580235020E+00  1.2566876836E+00  1.2553549801E+00
  1.2540251043E+00  1.2526977822E+00  1.2513727185E+00  1.2500496285E+00
  1.2487281835E+00  1.2474080745E+00  1.2460889822E+00  1.2447706063E+00
  1.2434525927E+00  1.2421346108E+00  1.2408163311E+00  1.2394974330E+00
  1.2381774810E+00  1.2368560341E+00  1.2355325811E+00  1.2342066233E+00
  1.2328775664E+00  1.2315447930E+00  1.2302074547E+00  1.2288646685E+00
  1.2275153923E+00  1.2261585931E+00  1.2247931763E+00  1.2234181376E+00
  1.2220326476E+00  1.2206360028E+00  1.2192275029E+00  1.2178063528E+00
  1.2163709685E+00  1.2149196129E+00  1.2134502735E+00  1.2119610927E+00
  1.2104507269E+00  1.2089180616E+00  1.2073619853E+00  1.2057814932E+00
  1.2041754167E+00  1.2025426004E+00  1.2008814479E+00  1.1991902539E+00
  1.1974667031E+00  1.1957088622E+00  1.1939164572E+00  1.1920896994E+00
  1.1902282964E+00  1.1883317716E+00  1.1863983895E+00  1.1844264584E+00
  1.1824152200E+00  1.1803646840E+00  1.1782762567E+00  1.1761516672E+00
  1.1739912654E+00  1.1717951058E+00  1.1695627811E+00  1.1672943970E+00
  1.1649918663E+00  1.1626579508E+00  1.1602954454E+00  1.1579068765E+00
  1.1554934048E+00  1.1530567864E+00  1.1506017535E+00  1.1481333981E+00
  1.1456531636E+00  1.1431623090E+00  1.1406659980E+00  1.1381705084E+00
  1.1356809357E+00  1.1332020221E+00  1.1307372094E+00  1.1282900393E+00
  1.1258676509E+00  1.1234781966E+00  1.1211274886E+00  1.1188204863E+00
  1.1165625866E+00  1.1143595970E+00  1.1122202301E+00  1.1101534699E+00
  1.1081642321E+00  1.1062560055E+00  1.1044328884E+00  1.1026987715E+00
  1.1010592032E+00  1.0995202666E+00  1.0980892785E+00  1.0967725866E+00
  1.0955731613E+00  1.0944930445E+00  1.0935376850E+00  1.0927124733E+00
  1.0920236305E+00  1.0914770650E+00  1.0910802695E+00  1.0908404062E+00
  1.0907646645E+00  1.0908594190E+00  1.0911302705E+00  1.0915816777E+00
  1.0922162142E+00  1.0930354842E+00  1.0940405697E+00  1.0952315906E+00
  1.0966073042E+00  1.0981652691E+00  1.0999028732E+00  1.1018155829E+00
  1.1038931252E+00  1.1061251577E+00  1.1085060594E+00  1.1110294518E+00
  1.1136866591E+00  1.1164667840E+00  1.1193548088E+00  1.1223363775E+00
  1.1254042308E+00  1.1285490390E+00  1.1317543409E+00  1.1350048892E+00
  1.1382963510E+00  1.1416232890E+00  1.1449744339E+00  1.1483397980E+00
  1.1517192871E+00  1.1551125837E+00  1.1585161773E+00  1.1619276169E+00
  1.1653502467E+00  1.1687871722E+00  1.1722388610E+00  1.1757067082E+00
  1.1791958948E+00  1.1827116276E+00  1.1862566856E+00  1.1898341246E+00
  1.1934476632E+00  1.1971015502E+00  1.2008006907E+00  1.2045497561E+00
  1.2083495877E+00  1.2122011642E+00  1.2161078777E+00  1.2200736425E+00
  1.2241005987E+00  1.2281908974E+00  1.2323464020E+00  1.2365688595E+00
  1.2408586407E+00  1.2452162086E+00  1.2496422437E+00  1.2541377455E+00
  1.2587036614E+00  1.2633408447E+00  1.2680489147E+00  1.2728279459E+00
  1.2776799807E+00  1.2826072047E+00  1.2876100393E+00  1.2926884494E+00
  1.2978411759E+00  1.3030668767E+00  1.3083646264E+00  1.3137346004E+00
  1.3191804238E+00  1.3247051967E+00  1.3303066749E+00  1.3359827435E+00
  1.3417357031E+00  1.3475680689E+00  1.3534793188E+00  1.3594685228E+00
  1.3655356315E+00  1.3716810781E+00  1.3779056355E+00  1.3842097470E+00
  1.3905924645E+00  1.3970525942E+00  1.4035893454E+00  1.4102028961E+00
  1.4168962787E+00  1.4236721119E+00  1.4305284076E+00  1.4374627185E+00
  1.4444753838E+00  1.4515663777E+00  1.4587318859E+00  1.4659682493E+00
  1.4732754690E+00  1.4806544707E+00  1.4881063718E+00  1.4956321855E+00
  1.5032322920E+00  1.5109066978E+00  1.5186546047E+00  1.5264748519E+00
  1.5343656535E+00  1.5423249537E+00  1.5503502648E+00  1.5584389087E+00
  1.5665879084E+00  1.5747941708E+00  1.5830544874E+00  1.5913657095E+00
  1.5997251189E+00  1.6081304152E+00  1.6165806310E+00  1.6250758080E+00
  1.6336188298E+00  1.6422134739E+00  1.6508642746E+00  1.6595744455E+00
  1.6683418816E+00  1.6771600924E+00  1.6860104604E+00  1.6948738420E+00
  1.7037398527E+00  1.7126058975E+00  1.7214931601E+00  1.7304246562E+00
  1.7394065635E+00  1.7484327354E+00  1.7574665960E+00  1.7664775253E+00
  1.7754871440E+00  1.7845256143E+00  1.7936070837E+00  1.8027304369E+00
  1.8118483309E+00  1.8209231809E+00  1.8300036900E+00  1.8391361161E+00
  1.8482709154E+00  1.8573588151E+00  1.8664492192E+00  1.8755918910E+00
  1.8847371525E+00  1.8938313070E+00  1.9029057939E+00  1.9119979558E+00
  1.9210842337E+00  1.9301344157E+00  1.9391521221E+00  1.9481476291E+00
  1.9571255519E+00  1.9660851388E+00  1.9750075992E+00  1.9838738117E+00
  1.9926840417E+00  2.0014408518E+00  2.0101357331E+00  2.0187604871E+00
  2.0273208005E+00  2.0358206896E+00  2.0442423555E+00  2.0525665216E+00
  2.0607906729E+00  2.0689154038E+00  2.0769407760E+00  2.0848646933E+00
  2.0926737964E+00  2.1003545741E+00  2.1079093351E+00  2.1153428939E+00
  2.1226531271E+00  2.1298365769E+00  2.1368945098E+00  2.1438289282E+00
  2.1506406274E+00  2.1573308333E+00  2.1639047564E+00  2.1703664018E+00
  2.1767102295E+00  2.1829331088E+00  2.1890547710E+00  2.1950951887E+00
  2.2010426434E+00  2.2068836013E+00  2.2126211901E+00  2.2182573087E+00
  2.2237749294E+00  2.2291588777E+00  2.2344080799E+00  2.2395249561E+00
  2.2445062542E+00  2.2493435439E+00  2.2539971834E+00  2.2584232063E+00
  2.2626038350E+00  2.2665322058E+00  2.2702053640E+00  2.2736151899E+00
  2.2767339922E+00  2.2795348685E+00  2.2820041763E+00  2.2841259107E+00
  2.2858897221E+00  2.2872916785E+00  2.2883169715E+00  2.2889492107E+00
  2.2891936802E+00
Axial Coordinate Z:

  2.4419144244E-02  9.1515494823E-03 -6.0981155081E-03 -2.1345589657E-02
 -3.6627666269E-02 -5.1967992517E-02 -6.7309013488E-02 -8.2593687721E-02
 -9.7849064580E-02 -1.1311454975E-01 -1.2839574877E-01 -1.4369361640E-01
 -1.5901569990E-01 -1.7436361279E-01 -1.8970702231E-01 -2.0501783975E-01
 -2.2030516789E-01 -2.3558369274E-01 -2.5085461436E-01 -2.6611075473E-01
 -2.8131210510E-01 -2.9641788231E-01 -3.1142522664E-01 -3.2633889294E-01
 -3.4115142420E-01 -3.5585189834E-01 -3.7042987582E-01 -3.8487470685E-01
 -3.9917456000E-01 -4.1331759747E-01 -4.2729404562E-01 -4.4109572948E-01
 -4.5471980455E-01 -4.6816570584E-01 -4.8143774380E-01 -4.9453959743E-01
 -5.0746903225E-01 -5.2022151610E-01 -5.3278900696E-01 -5.4516799133E-01
 -5.5737311840E-01 -5.6941609252E-01 -5.8128312722E-01 -5.9296218280E-01
 -6.0446990540E-01 -6.1582522477E-01 -6.2703014521E-01 -6.3808252371E-01
 -6.4897668522E-01 -6.5970762424E-01 -6.7027817269E-01 -6.8069421666E-01
 -6.9096421602E-01 -7.0109265800E-01 -7.1106585392E-01 -7.2087075442E-01
 -7.3051317128E-01 -7.4000209598E-01 -7.4934163843E-01 -7.5853399064E-01
 -7.6757727081E-01 -7.7646837219E-01 -7.8520310283E-01 -7.9377956270E-01
 -8.0220657525E-01 -8.1049264097E-01 -8.1863393200E-01 -8.2662476734E-01
 -8.3446373879E-01 -8.4215182792E-01 -8.4969701849E-01 -8.5710579213E-01
 -8.6437004705E-01 -8.7148141740E-01 -8.7844668166E-01 -8.8527612821E-01
 -8.9197851427E-01 -8.9855910536E-01 -9.0501205254E-01 -9.1133136643E-01
 -9.1752047809E-01 -9.2358415488E-01 -9.2952450736E-01 -9.3534236165E-01
 -9.4103548491E-01 -9.4660163955E-01 -9.5204287791E-01 -9.5736355294E-01
 -9.6257196286E-01 -9.6767491393E-01 -9.7267165786E-01 -9.7756062678E-01
 -9.8234255320E-01 -9.8701786425E-01 -9.9158497350E-01 -9.9604236117E-01
 -1.0003907153E+00 -1.0046325256E+00 -1.0087751033E+00 -1.0128252514E+00
 -1.0167839985E+00 -1.0206498839E+00 -1.0244169570E+00 -1.0280813776E+00
 -1.0316519543E+00 -1.0351371613E+00 -1.0385322750E+00 -1.0418311319E+00
 -1.0450348858E+00 -1.0481466229E+00 -1.0511700950E+00 -1.0541089822E+00
 -1.0569660846E+00 -1.0597429408E+00 -1.0624370894E+00 -1.0650457585E+00
 -1.0675689971E+00 -1.0700078390E+00 -1.0723646408E+00 -1.0746419888E+00
 -1.0768421567E+00 -1.0789674309E+00 -1.0810205737E+00 -1.0830040401E+00
 -1.0849187091E+00 -1.0867643824E+00 -1.0885381473E+00 -1.0902374598E+00
 -1.0918640554E+00 -1.0934206151E+00 -1.0949095218E+00 -1.0963328400E+00
 -1.0976917590E+00 -1.0989873360E+00 -1.1002210473E+00 -1.1013943421E+00
 -1.1025082040E+00 -1.1035634499E+00 -1.1045607732E+00 -1.1055008332E+00
 -1.1063843743E+00 -1.1072121518E+00 -1.1079849694E+00 -1.1087036233E+00
 -1.1093689132E+00 -1.1099816050E+00 -1.1105424027E+00 -1.1110519834E+00
 -1.1115110437E+00 -1.1119202402E+00 -1.1122801096E+00 -1.1125911596E+00
 -1.1128539576E+00 -1.1130690617E+00 -1.1132369846E+00 -1.1133581975E+00
 -1.1134330961E+00 -1.1134620302E+00 -1.1134452850E+00 -1.1133831032E+00
 -1.1132756612E+00 -1.1131230954E+00 -1.1129254854E+00 -1.1126828863E+00
 -1.1123953472E+00 -1.1120628965E+00 -1.1116855189E+00 -1.1112631666E+00
 -1.1107957373E+00 -1.1102830985E+00 -1.1097250795E+00 -1.1091214840E+00
 -1.1084720767E+00 -1.1077765951E+00 -1.1070347328E+00 -1.1062461554E+00
 -1.1054104874E+00 -1.1045273260E+00 -1.1035962231E+00 -1.1026167033E+00
 -1.1015882482E+00 -1.1005103121E+00 -1.0993823052E+00 -1.0982036136E+00
 -1.0969735914E+00 -1.0956915661E+00 -1.0943568097E+00 -1.0929685617E+00
 -1.0915260086E+00 -1.0900283098E+00 -1.0884745892E+00 -1.0868639472E+00
 -1.0851954451E+00 -1.0834681215E+00 -1.0816809825E+00 -1.0798330045E+00
 -1.0779230982E+00 -1.0759501444E+00 -1.0739129932E+00 -1.0718104731E+00
 -1.0696413807E+00 -1.0674044932E+00 -1.0650985646E+00 -1.0627223211E+00
 -1.0602744249E+00 -1.0577534847E+00 -1.0551579869E+00 -1.0524863851E+00
 -1.0497371525E+00 -1.0469087601E+00 -1.0439996786E+00 -1.0410083762E+00
 -1.0379333412E+00 -1.0347730423E+00 -1.0315258811E+00 -1.0281901750E+00
 -1.0247640038E+00 -1.0212453916E+00 -1.0176324160E+00 -1.0139231853E+00
 -1.0101159156E+00 -1.0062088703E+00 -1.0022004331E+00 -9.9808899486E-01
 -9.9387289356E-01 -9.8955033173E-01 -9.8511906135E-01 -9.8057670595E-01
 -9.7592087491E-01 -9.7114919685E-01 -9.6625944071E-01 -9.6124946412E-01
 -9.5611738615E-01 -9.5086144625E-01 -9.4548014386E-01 -9.3997187977E-01
 -9.3433442848E-01 -9.2856526469E-01 -9.2266133349E-01 -9.1661948285E-01
 -9.1043675798E-01 -9.0411046542E-01 -8.9763881131E-01 -8.9102019324E-01
 -8.8425289201E-01 -8.7733488107E-01 -8.7026303266E-01 -8.6303390039E-01
 -8.5564390790E-01 -8.4808962965E-01 -8.4036841307E-01 -8.3247804436E-01
 -8.2441730054E-01 -8.1618475010E-01 -8.0777710245E-01 -7.9919043926E-01
 -7.9042019771E-01 -7.8146235605E-01 -7.7231572370E-01 -7.6297954986E-01
 -7.5345193397E-01 -7.4373019066E-01 -7.3380958922E-01 -7.2368557773E-01
 -7.1335632878E-01 -7.0282068024E-01 -6.9207729235E-01 -6.8112414016E-01
 -6.6995654071E-01 -6.5857021076E-01 -6.4696502618E-01 -6.3514151943E-01
 -6.2309848057E-01 -6.1083344713E-01 -5.9834060258E-01 -5.8561537098E-01
 -5.7266122751E-01 -5.5948192650E-01 -5.4607429544E-01 -5.3243397237E-01
 -5.1855849076E-01 -5.0444746409E-01 -4.9010678074E-01 -4.7554132456E-01
 -4.6074598881E-01 -4.4571552878E-01 -4.3045375830E-01 -4.1496665522E-01
 -3.9926025082E-01 -3.8333848424E-01 -3.6719758047E-01 -3.5083407099E-01
 -3.3425323224E-01 -3.1746268242E-01 -3.0047219150E-01 -2.8329048302E-01
 -2.6592188673E-01 -2.4836987333E-01 -2.3064047629E-01 -2.1274108002E-01
 -1.9468361199E-01 -1.7648102424E-01 -1.5814941276E-01 -1.3970478335E-01
 -1.2116236018E-01 -1.0253636012E-01 -8.3840108812E-02 -6.5086219436E-02
 -4.6286648632E-02 -2.7452706244E-02 -8.5944956540E-03  1.0278466680E-02
  2.9157518430E-02  4.8033988000E-02  6.6897868344E-02  8.5738198741E-02
  1.0454162682E-01  1.2329511760E-01  1.4198953643E-01  1.6061755481E-01
  1.7917630120E-01  1.9766161164E-01  2.1605833672E-01  2.3434951843E-01
  2.5252409511E-01  2.7057307559E-01  2.8849112944E-01  3.0627079246E-01
  3.2389200974E-01  3.4133443586E-01  3.5859284540E-01  3.7566176954E-01
  3.9251924507E-01  4.0914250000E-01  4.2552622425E-01  4.4166586858E-01
  4.5754287883E-01  4.7313845350E-01  4.8845000853E-01  5.0347631628E-01
  5.1820605885E-01  5.3262816886E-01  5.4674435696E-01  5.6055760912E-01
  5.7406352941E-01  5.8725793943E-01  6.0014561154E-01  6.1273246584E-01
  6.2502014596E-01  6.3701010151E-01  6.4870738724E-01  6.6011790700E-01
  6.7124754089E-01  6.8210186834E-01  6.9268515608E-01  7.0300192244E-01
  7.1305913543E-01  7.2286374056E-01  7.3242023085E-01  7.4173282618E-01
  7.5080718564E-01  7.5964901013E-01  7.6826280456E-01  7.7665260476E-01
  7.8482187874E-01  7.9277417899E-01  8.0051410414E-01  8.0804575371E-01
  8.1537028387E-01  8.2248907437E-01  8.2940755256E-01  8.3613144000E-01
  8.4266380957E-01  8.4900700682E-01  8.5516317310E-01  8.6113342156E-01
  8.6691504940E-01  8.7250675168E-01  8.7791698986E-01  8.8315384541E-01
  8.8821417729E-01  8.9309355080E-01  8.9779386868E-01  9.0231898391E-01
  9.0667432598E-01  9.1086404501E-01  9.1488584484E-01  9.1873625554E-01
  9.2241375091E-01  9.2591844664E-01  9.2925517067E-01  9.3242900161E-01
  9.3544146025E-01  9.3829271083E-01  9.4098155331E-01  9.4350580300E-01
  9.4586059393E-01  9.4804255398E-01  9.5005734062E-01  9.5191141796E-01
  9.5360522738E-01  9.5513784202E-01  9.5650919246E-01  9.5771924462E-01
  9.5876753614E-01  9.5965351830E-01  9.6037695447E-01  9.6093765743E-01
  9.6133546610E-01  9.6157018366E-01  9.6164151762E-01  9.6154909448E-01
  9.6129233852E-01  9.6087057019E-01  9.6028288962E-01  9.5952835066E-01
  9.5860601854E-01  9.5751501132E-01  9.5625466269E-01  9.5482469138E-01
  9.5322629605E-01  9.5145992291E-01  9.4952198986E-01  9.4740857118E-01
  9.4511926041E-01  9.4265529216E-01  9.4002104693E-01  9.3721894586E-01
  9.3423823266E-01  9.3106974030E-01  9.2772376841E-01  9.2421008294E-01
  9.2051925775E-01  9.1663871752E-01  9.1256385820E-01  9.0829426274E-01
  9.0383333746E-01  8.9918634956E-01  8.9436651751E-01  8.8938093637E-01
  8.8420489030E-01  8.7881771131E-01  8.7324155876E-01  8.6749515288E-01
  8.6154788247E-01  8.5537390501E-01  8.4900920692E-01  8.4248839834E-01
  8.3578522746E-01  8.2887023316E-01  8.2175543380E-01  8.1445633648E-01
  8.0696659109E-01  7.9927743655E-01  7.9138834148E-01  7.8330251345E-01
  7.7503182336E-01  7.6658509923E-01  7.5794990776E-01  7.4911294702E-01
  7.4007756294E-01  7.3084878694E-01  7.2142225634E-01  7.1179421598E-01
  7.0197205588E-01  6.9196267494E-01  6.8176071691E-01  6.7135785991E-01
  6.6074414766E-01  6.4991262650E-01  6.3887127604E-01  6.2762706263E-01
  6.1616749717E-01  6.0447924556E-01  5.9256429371E-01  5.8042604178E-01
  5.6805897019E-01  5.5545665140E-01  5.4261788914E-01  5.2954250052E-01
  5.1622967049E-01  5.0267895387E-01  4.8889233812E-01  4.7487056143E-01
  4.6060844674E-01  4.4610514342E-01  4.3138222607E-01  4.1646432482E-01
  4.0137215667E-01  3.8612172482E-01  3.7071242025E-01  3.5514445909E-01
  3.3944263107E-01  3.2363628330E-01  3.0774740952E-01  2.9179867162E-01
  2.7582712470E-01  2.5986215201E-01  2.4389222711E-01  2.2790838797E-01
  2.1193943869E-01  1.9601654255E-01  1.8014274549E-01  1.6431882977E-01
  1.4856427329E-01  1.3288982905E-01  1.1724234688E-01  1.0157987328E-01
  8.5964804136E-02  7.0464287816E-02  5.5059704968E-02  3.9717168686E-02
  2.4419144244E-02
Toroidal Angle Difference Delta:

 -0.0000000000E+00 -7.5008061376E-03 -1.5000225504E-02 -2.2496625479E-02
 -2.9988287132E-02 -3.7473515237E-02 -4.4950795699E-02 -5.2418613714E-02
 -5.9875270508E-02 -6.7319076888E-02 -7.4748565964E-02 -8.2162298968E-02
 -8.9558727315E-02 -9.6936315555E-02 -1.0429369059E-01 -1.1162950684E-01
 -1.1894236634E-01 -1.2623088785E-01 -1.3349380923E-01 -1.4072990444E-01
 -1.4793797257E-01 -1.5511682384E-01 -1.6226528765E-01 -1.6938220505E-01
 -1.7646644452E-01 -1.8351688083E-01 -1.9053238660E-01 -1.9751183484E-01
 -2.0445410231E-01 -2.1135806390E-01 -2.1822258347E-01 -2.2504651288E-01
 -2.3182866720E-01 -2.3856784285E-01 -2.4526279850E-01 -2.5191226321E-01
 -2.5851488550E-01 -2.6506933063E-01 -2.7157441128E-01 -2.7802896357E-01
 -2.8443176986E-01 -2.9078158759E-01 -2.9707712827E-01 -3.0331710914E-01
 -3.0950031628E-01 -3.1562557311E-01 -3.2169178359E-01 -3.2769787848E-01
 -3.3364281503E-01 -3.3952556414E-01 -3.4534512495E-01 -3.5110051907E-01
 -3.5679082986E-01 -3.6241519005E-01 -3.6797286792E-01 -3.7346315748E-01
 -3.7888531980E-01 -3.8423862486E-01 -3.8952241110E-01 -3.9473604196E-01
 -3.9987891230E-01 -4.0495044559E-01 -4.0995014834E-01 -4.1487756184E-01
 -4.1973228342E-01 -4.2451391527E-01 -4.2922202273E-01 -4.3385619249E-01
 -4.3841613335E-01 -4.4290157873E-01 -4.4731223825E-01 -4.5164781497E-01
 -4.5590800966E-01 -4.6009254633E-01 -4.6420124456E-01 -4.6823390989E-01
 -4.7219019626E-01 -4.7606979981E-01 -4.7987273721E-01 -4.8359903431E-01
 -4.8724843340E-01 -4.9082067511E-01 -4.9431577713E-01 -4.9773377385E-01
 -5.0107448945E-01 -5.0433773354E-01 -5.0752346777E-01 -5.1063166641E-01
 -5.1366220199E-01 -5.1661494671E-01 -5.1948987306E-01 -5.2228700097E-01
 -5.2500643998E-01 -5.2764829031E-01 -5.3021252548E-01 -5.3269910963E-01
 -5.3510809618E-01 -5.3743955942E-01 -5.3969356789E-01 -5.4187018881E-01
 -5.4396949003E-01 -5.4599156398E-01 -5.4793660078E-01 -5.4980481911E-01
 -5.5159645404E-01 -5.5331174269E-01 -5.5495091410E-01 -5.5651419130E-01
 -5.5800178149E-01 -5.5941390350E-01 -5.6075083836E-01 -5.6201289686E-01
 -5.6320044641E-01 -5.6431387288E-01 -5.6535357933E-01 -5.6631996968E-01
 -5.6721343406E-01 -5.6803436464E-01 -5.6878317547E-01 -5.6946029894E-01
 -5.7006621881E-01 -5.7060143948E-01 -5.7106649654E-01 -5.7146194795E-01
 -5.7178841007E-01 -5.7204651862E-01 -5.7223692845E-01 -5.7236029261E-01
 -5.7241723793E-01 -5.7240838632E-01 -5.7233436637E-01 -5.7219581404E-01
 -5.7199338794E-01 -5.7172776010E-01 -5.7139963350E-01 -5.7100972565E-01
 -5.7055878145E-01 -5.7004755294E-01 -5.6947679348E-01 -5.6884725408E-01
 -5.6815967508E-01 -5.6741479125E-01 -5.6661332580E-01 -5.6575599652E-01
 -5.6484351101E-01 -5.6387657129E-01 -5.6285586734E-01 -5.6178208332E-01
 -5.6065589218E-01 -5.5947796123E-01 -5.5824894643E-01 -5.5696949794E-01
 -5.5564025427E-01 -5.5426184742E-01 -5.5283489524E-01 -5.5136000912E-01
 -5.4983778886E-01 -5.4826882760E-01 -5.4665370355E-01 -5.4499298653E-01
 -5.4328722787E-01 -5.4153697080E-01 -5.3974274463E-01 -5.3790507025E-01
 -5.3602444866E-01 -5.3410137160E-01 -5.3213631369E-01 -5.3012974043E-01
 -5.2808209811E-01 -5.2599382357E-01 -5.2386533515E-01 -5.2169704183E-01
 -5.1948933367E-01 -5.1724259120E-01 -5.1495717600E-01 -5.1263344025E-01
 -5.1027171759E-01 -5.0787233219E-01 -5.0543558888E-01 -5.0296178296E-01
 -5.0045119111E-01 -4.9790408080E-01 -4.9532070135E-01 -4.9270129353E-01
 -4.9004608200E-01 -4.8735528348E-01 -4.8462909922E-01 -4.8186772281E-01
 -4.7907133295E-01 -4.7624010104E-01 -4.7337418416E-01 -4.7047373200E-01
 -4.6753887883E-01 -4.6456975140E-01 -4.6156646147E-01 -4.5852911355E-01
 -4.5545779801E-01 -4.5235259780E-01 -4.4921358047E-01 -4.4604080665E-01
 -4.4283432491E-01 -4.3959417886E-01 -4.3632040437E-01 -4.3301303247E-01
 -4.2967208247E-01 -4.2629756913E-01 -4.2288950072E-01 -4.1944788098E-01
 -4.1597270194E-01 -4.1246395085E-01 -4.0892160761E-01 -4.0534564848E-01
 -4.0173604264E-01 -3.9809275413E-01 -3.9441573348E-01 -3.9070492627E-01
 -3.8696027180E-01 -3.8318170422E-01 -3.7936914332E-01 -3.7552250291E-01
 -3.7164168708E-01 -3.6772659403E-01 -3.6377710798E-01 -3.5979310787E-01
 -3.5577446538E-01 -3.5172104373E-01 -3.4763267959E-01 -3.4350919794E-01
 -3.3935040354E-01 -3.3515609103E-01 -3.3092603483E-01 -3.2665999373E-01
 -3.2235768394E-01 -3.1801880073E-01 -3.1364299800E-01 -3.0922990952E-01
 -3.0477912996E-01 -3.0029023760E-01 -2.9576278442E-01 -2.9119630339E-01
 -2.8659027783E-01 -2.8194415863E-01 -2.7725731651E-01 -2.7252908470E-01
 -2.6775872657E-01 -2.6294547573E-01 -2.5808851651E-01 -2.5318700750E-01
 -2.4824005360E-01 -2.4324673034E-01 -2.3820604944E-01 -2.3311698204E-01
 -2.2797840084E-01 -2.2278913700E-01 -2.1754795402E-01 -2.1225359757E-01
 -2.0690480946E-01 -2.0150031085E-01 -1.9603874400E-01 -1.9051871247E-01
 -1.8493874390E-01 -1.7929734668E-01 -1.7359302805E-01 -1.6782430487E-01
 -1.6198973362E-01 -1.5608786326E-01 -1.5011717308E-01 -1.4407613182E-01
 -1.3796323577E-01 -1.3177701264E-01 -1.2551608801E-01 -1.1917911957E-01
 -1.1276479547E-01 -1.0627184635E-01 -9.9699142357E-02 -9.3045617619E-02
 -8.6310322567E-02 -7.9492363137E-02 -7.2590950968E-02 -6.5605399550E-02
 -5.8535324076E-02 -5.1380446567E-02 -4.4140614652E-02 -3.6815783342E-02
 -2.9406211568E-02 -2.1912317774E-02 -1.4334854520E-02 -6.6747230834E-03
  1.0669144999E-03  8.8887253864E-03  1.6788954253E-02  2.4765645019E-02
  3.2816461048E-02  4.0938910777E-02  4.9130263498E-02  5.7387657474E-02
  6.5707946017E-02  7.4087807055E-02  8.2523501928E-02  9.1011114314E-02
  9.9546433839E-02  1.0812511785E-01  1.1674258863E-01  1.2539412593E-01
  1.3407467441E-01  1.4277899507E-01  1.5150144941E-01  1.6023620183E-01
  1.6897702779E-01  1.7771752699E-01  1.8645098508E-01  1.9517056980E-01
  2.0386929131E-01  2.1254011893E-01  2.2117601638E-01  2.2976997878E-01
  2.3831513271E-01  2.4680468181E-01  2.5523200652E-01  2.6359066961E-01
  2.7187478620E-01  2.8007874836E-01  2.8819750337E-01  2.9622623502E-01
  3.0416051789E-01  3.1199624677E-01  3.1973020651E-01  3.2735952558E-01
  3.3488181691E-01  3.4229501142E-01  3.4959782763E-01  3.5678928568E-01
  3.6386882446E-01  3.7083610148E-01  3.7769123004E-01  3.8443448314E-01
  3.9106631670E-01  3.9758726582E-01  4.0399799903E-01  4.1029919633E-01
  4.1649144998E-01  4.2257532312E-01  4.2855135030E-01  4.3442001643E-01
  4.4018163664E-01  4.4583645201E-01  4.5138457720E-01  4.5682606124E-01
  4.6216081699E-01  4.6738868993E-01  4.7250939214E-01  4.7752257790E-01
  4.8242780359E-01  4.8722459864E-01  4.9191248252E-01  4.9649095065E-01
  5.0095941209E-01  5.0531724693E-01  5.0956380576E-01  5.1369843999E-01
  5.1772053385E-01  5.2162948375E-01  5.2542470208E-01  5.2910561414E-01
  5.3267168094E-01  5.3612237995E-01  5.3945721873E-01  5.4267572180E-01
  5.4577745156E-01  5.4876197692E-01  5.5162885524E-01  5.5437766180E-01
  5.5700805543E-01  5.5951974224E-01  5.6191253385E-01  5.6418625977E-01
  5.6634071534E-01  5.6837569733E-01  5.7029104222E-01  5.7208661379E-01
  5.7376234539E-01  5.7531818339E-01  5.7675405664E-01  5.7806991363E-01
  5.7926579883E-01  5.8034178301E-01  5.8129794611E-01  5.8213438095E-01
  5.8285122285E-01  5.8344864147E-01  5.8392690153E-01  5.8428628244E-01
  5.8452702754E-01  5.8464938304E-01  5.8465364299E-01  5.8454012653E-01
  5.8430920549E-01  5.8396128365E-01  5.8349684008E-01  5.8291639059E-01
  5.8222052273E-01  5.8140983929E-01  5.8048493222E-01  5.7944639287E-01
  5.7829482087E-01  5.7703082505E-01  5.7565504264E-01  5.7416812915E-01
  5.7257078490E-01  5.7086373501E-01  5.6904775903E-01  5.6712366445E-01
  5.6509231588E-01  5.6295460606E-01  5.6071148314E-01  5.5836392054E-01
  5.5591293730E-01  5.5335956853E-01  5.5070486782E-01  5.4794988621E-01
  5.4509564606E-01  5.4214314093E-01  5.3909327798E-01  5.3594693981E-01
  5.3270499711E-01  5.2936835875E-01  5.2593809807E-01  5.2241538733E-01
  5.1880163007E-01  5.1509824457E-01  5.1130647688E-01  5.0742745319E-01
  5.0346199252E-01  4.9941092092E-01  4.9527539982E-01  4.9105670780E-01
  4.8675625679E-01  4.8237534462E-01  4.7791467945E-01  4.7337496861E-01
  4.6875750590E-01  4.6406365660E-01  4.5929448569E-01  4.5445099679E-01
  4.4953424847E-01  4.4454531275E-01  4.3948526059E-01  4.3435514192E-01
  4.2915592377E-01  4.2388857591E-01  4.1855416218E-01  4.1315377136E-01
  4.0768849818E-01  4.0215940766E-01  3.9656744022E-01  3.9091354068E-01
  3.8519879613E-01  3.7942431081E-01  3.7359111545E-01  3.6770022747E-01
  3.6175268458E-01  3.5574954630E-01  3.4969193912E-01  3.4358100019E-01
  3.3741784246E-01  3.3120355934E-01  3.2493919039E-01  3.1862579152E-01
  3.1226453796E-01  3.0585660518E-01  2.9940305019E-01  2.9290492684E-01
  2.8636339495E-01  2.7977962649E-01  2.7315473624E-01  2.6648982005E-01
  2.5978595536E-01  2.5304420585E-01  2.4626559871E-01  2.3945114202E-01
  2.3260180393E-01  2.2571853169E-01  2.1880222870E-01  2.1185377706E-01
  2.0487401742E-01  1.9786377253E-01  1.9082383523E-01  1.8375496301E-01
  1.7665780196E-01  1.6953298283E-01  1.6238118620E-01  1.5520311415E-01
  1.4799950493E-01  1.4077110687E-01  1.3351867247E-01  1.2624296495E-01
  1.1894478616E-01  1.1162495514E-01  1.0428432099E-01  9.6923799159E-02
  8.9544540349E-02  8.2147756504E-02  7.4734669298E-02  6.7306497739E-02
  5.9864440434E-02  5.2409752731E-02  4.4943937336E-02  3.7468532397E-02
  2.9984970475E-02  2.2494701950E-02  1.4999354083E-02  7.5005850746E-03
 -0.0000000000E+00
Real component of normal b field:

 -9.0296068569E-06 -3.1451337475E-06  1.8621480638E-05  4.2593627372E-06
  2.5429797182E-05  1.6123113553E-05 -5.4087684045E-06  3.2085563870E-05
 -4.2931248372E-05 -3.2491069786E-05 -6.5138425957E-05 -5.4662187435E-05
 -1.4147103793E-04 -9.7536799172E-05 -9.8759052704E-05 -2.5092658545E-05
  3.6117412669E-04  4.0990904408E-04 -1.1715751596E-03 -8.7077036484E-04
 -5.6250588001E-04 -1.7423558017E-04 -1.7680521558E-04 -1.3105378778E-04
 -9.0389866858E-05 -2.8373050578E-05 -4.7242733509E-06  7.2055148348E-06
 -5.0558288344E-07 -6.9935290796E-06 -8.3894026902E-06 -7.1272793460E-06
 -6.5718138819E-06 -6.6066735442E-06
Imaginary component of normal b field:

 -8.9781798499E-06  2.7624456514E-07  6.6060773776E-06  6.5673769423E-06
 -9.3902440624E-06  2.6909533405E-05 -2.2772815256E-05 -8.1785143430E-07
 -8.1779085456E-06 -4.2102211374E-05 -5.9417763359E-05 -3.9461506649E-05
 -4.5806184197E-05 -6.5260969586E-05 -3.4379173010E-05 -7.8620256261E-06
  1.0342428815E-04  4.4340968580E-05  3.7042637608E-05 -2.7005531128E-04
 -1.1063198113E-04 -8.2642203663E-05 -7.7338172448E-05  2.1483243369E-05
  1.0202151549E-06  2.1484200028E-05  7.6397496535E-06  8.3730042595E-06
  2.3974596275E-06  7.8950445583E-07 -1.1646315528E-06  9.2598083411E-07
 -1.8046990484E-06 -3.0935718551E-06
